1589 2742
1 0 2.500000
3 2 0.250000
4 2 0.250000
4 3 0.250000
5 2 0.250000
5 3 0.250000
5 4 0.250000
6 2 0.250000
6 3 0.250000
6 4 0.250000
6 5 0.250000
8 7 1.000000
9 7 3.166670
10 7 1.166670
10 9 1.166670
11 7 0.666667
11 9 0.666667
11 10 0.666667
13 12 0.333333
14 12 0.333333
14 13 0.333333
15 12 0.333333
15 13 0.333333
15 14 0.333333
17 16 0.500000
18 16 0.500000
18 17 0.500000
21 20 0.500000
22 20 0.500000
22 21 0.500000
24 23 0.500000
25 23 0.500000
25 24 2.333330
28 27 0.500000
29 27 0.500000
29 28 0.500000
31 30 0.500000
32 30 0.500000
32 31 0.500000
33 30 3.583330
34 30 1.583330
34 33 4.225000
36 35 0.200000
37 35 0.200000
37 36 0.200000
38 35 0.200000
38 36 0.200000
38 37 0.200000
39 35 0.200000
39 36 0.200000
39 37 0.200000
39 38 0.200000
40 35 0.200000
40 36 0.200000
40 37 0.200000
40 38 0.200000
40 39 0.200000
43 42 1.000000
45 44 0.500000
46 44 0.500000
46 45 0.500000
48 47 0.333333
49 47 0.333333
49 48 0.333333
50 47 0.333333
50 48 0.333333
50 49 0.333333
51 33 0.750000
52 33 0.250000
52 51 0.250000
53 33 1.858330
53 34 0.775000
53 51 0.250000
53 52 0.250000
54 30 0.250000
54 33 2.991670
54 34 1.158330
54 51 0.250000
54 52 0.250000
54 53 0.625000
55 51 0.500000
56 51 0.500000
56 55 3.833330
57 51 1.000000
58 51 1.000000
58 57 1.000000
60 59 0.500000
61 59 0.500000
61 60 0.500000
63 62 0.476190
64 62 0.333333
64 63 0.333333
65 62 0.333333
65 63 0.333333
65 64 0.333333
67 66 0.500000
68 66 0.500000
68 67 0.500000
70 69 0.833333
71 69 2.166670
71 70 0.833333
72 69 0.916667
72 70 0.333333
72 71 0.666667
74 73 0.333333
75 73 0.333333
75 74 0.333333
76 73 0.333333
76 74 0.333333
76 75 0.333333
78 46 1.000000
78 77 0.333333
79 77 0.333333
79 78 0.333333
80 77 0.333333
80 78 0.333333
80 79 0.333333
82 81 0.500000
83 81 0.500000
83 82 0.500000
85 84 0.500000
86 84 0.500000
86 85 0.500000
88 87 2.500000
90 55 1.000000
92 91 0.500000
93 91 0.500000
93 92 0.500000
95 94 0.500000
96 94 2.666670
96 95 0.500000
97 69 1.833330
97 94 2.333330
97 95 0.500000
97 96 2.333330
98 94 0.500000
98 95 0.500000
98 96 0.500000
98 97 0.500000
99 94 0.500000
99 96 0.500000
99 97 0.500000
100 94 0.250000
100 96 0.250000
100 97 0.250000
100 99 1.250000
103 102 0.500000
104 102 0.500000
104 103 0.500000
106 105 0.500000
107 105 0.500000
107 106 0.500000
109 108 1.000000
112 111 1.000000
114 113 1.000000
117 116 1.000000
119 118 1.000000
121 78 1.000000
121 120 1.000000
123 122 0.500000
124 122 0.500000
124 123 0.500000
127 126 0.700000
128 126 0.500000
128 127 0.750000
130 129 1.000000
131 30 0.333333
131 33 1.333330
131 34 0.333333
132 33 2.275000
132 34 0.525000
132 53 1.025000
132 54 0.375000
133 33 1.025000
133 34 1.025000
133 53 0.525000
133 54 0.125000
133 132 0.525000
134 33 0.525000
134 34 0.525000
134 53 0.525000
134 54 0.125000
134 132 0.525000
134 133 0.525000
136 135 1.000000
138 137 1.000000
140 139 0.111111
141 139 0.111111
141 140 0.111111
142 139 0.111111
142 140 0.111111
142 141 0.111111
143 139 0.111111
143 140 0.111111
143 141 0.111111
143 142 0.111111
144 139 0.111111
144 140 0.111111
144 141 0.111111
144 142 0.111111
144 143 0.111111
145 139 0.111111
145 140 0.111111
145 141 0.111111
145 142 0.111111
145 143 0.111111
145 144 0.111111
146 139 0.111111
146 140 0.111111
146 141 0.111111
146 142 0.111111
146 143 0.111111
146 144 0.111111
146 145 0.111111
147 139 0.111111
147 140 0.111111
147 141 0.111111
147 142 0.111111
147 143 0.111111
147 144 0.111111
147 145 0.111111
147 146 0.111111
148 139 0.111111
148 140 0.111111
148 141 0.111111
148 142 0.111111
148 143 0.111111
148 144 0.111111
148 145 0.111111
148 146 0.111111
148 147 0.111111
149 71 1.166670
150 71 0.666667
150 94 0.333333
150 96 0.833333
150 149 0.666667
151 71 1.166670
151 127 0.333333
151 149 1.166670
151 150 4.750000
152 149 1.000000
154 153 1.333330
155 153 0.333333
155 154 0.333333
156 153 0.333333
156 154 0.333333
156 155 0.333333
157 71 0.500000
158 71 0.500000
158 157 0.500000
161 160 1.000000
163 162 1.000000
165 164 1.000000
167 166 1.000000
170 169 0.500000
171 169 0.500000
171 170 0.500000
173 172 0.500000
174 172 1.500000
174 173 0.500000
176 175 0.500000
177 175 0.500000
177 176 0.500000
180 179 1.000000
181 179 1.000000
181 180 1.000000
183 182 1.000000
184 55 0.500000
184 56 0.500000
185 184 0.500000
186 184 0.500000
186 185 0.500000
188 187 1.500000
189 187 0.500000
189 188 0.500000
190 33 0.583333
191 46 0.833333
192 46 0.333333
192 191 0.333333
193 46 0.333333
193 191 0.333333
193 192 0.333333
194 46 0.500000
194 191 0.500000
196 195 1.250000
197 195 0.250000
197 196 0.250000
198 195 0.250000
198 196 0.250000
198 197 0.250000
199 195 0.250000
199 196 0.250000
199 197 0.250000
199 198 0.250000
201 24 0.333333
201 25 0.333333
201 200 0.500000
202 24 0.333333
202 25 0.333333
202 200 0.500000
202 201 0.833333
203 131 1.000000
206 205 1.000000
208 207 0.500000
209 207 0.500000
209 208 0.500000
211 210 0.500000
212 210 0.500000
212 211 0.500000
214 213 0.500000
215 213 0.500000
215 214 0.500000
216 48 0.333333
216 136 0.500000
217 48 0.333333
217 216 1.083330
218 48 0.333333
218 216 1.666670
218 217 1.083330
219 216 0.500000
219 218 0.250000
220 216 1.500000
220 218 0.250000
220 219 0.500000
221 216 0.250000
221 219 0.583333
221 220 0.250000
222 216 0.250000
222 219 1.750000
222 220 0.250000
222 221 0.250000
223 136 0.500000
223 216 0.500000
224 216 0.583333
224 218 0.583333
224 219 0.250000
224 220 0.250000
225 94 0.333333
225 96 0.333333
225 150 2.083330
225 151 0.750000
227 226 1.000000
229 228 1.333330
230 228 0.333333
230 229 0.333333
231 228 0.333333
231 229 0.333333
231 230 0.333333
234 233 0.500000
235 72 1.000000
235 233 0.500000
235 234 0.500000
238 237 1.000000
240 239 1.000000
241 239 1.000000
243 242 1.000000
245 244 3.500000
246 244 1.000000
247 244 1.000000
249 248 0.500000
250 248 0.500000
250 249 0.500000
251 216 0.250000
251 217 0.250000
251 218 0.250000
252 216 0.500000
252 217 0.250000
252 218 0.250000
252 251 0.250000
255 254 1.000000
256 254 0.500000
256 255 0.500000
259 258 1.333330
261 260 1.000000
263 262 0.142857
264 262 0.142857
264 263 0.142857
265 262 0.142857
265 263 0.676190
265 264 0.142857
266 262 0.142857
266 263 0.676190
266 264 0.142857
266 265 0.926190
267 262 0.142857
267 263 0.142857
267 264 0.142857
267 265 0.142857
267 266 0.142857
268 262 0.142857
268 263 0.676190
268 264 0.142857
268 265 0.926190
268 266 0.926190
268 267 0.142857
269 262 0.142857
269 263 0.142857
269 264 0.142857
269 265 0.142857
269 266 0.142857
269 267 0.142857
269 268 0.142857
271 270 1.000000
274 273 0.500000
275 273 0.500000
275 274 0.500000
277 276 0.500000
278 276 0.500000
278 277 1.000000
280 279 0.166667
281 78 1.000000
281 150 1.833330
281 279 0.166667
281 280 0.166667
282 279 0.166667
282 280 0.166667
282 281 0.166667
283 279 0.166667
283 280 0.166667
283 281 3.166670
283 282 0.166667
284 279 0.166667
284 280 0.166667
284 281 0.166667
284 282 0.166667
284 283 0.166667
285 279 0.166667
285 280 0.166667
285 281 0.166667
285 282 0.166667
285 283 0.166667
285 284 0.166667
287 286 0.500000
288 286 1.000000
288 287 0.500000
289 286 0.500000
289 288 0.500000
291 290 0.500000
292 290 0.500000
292 291 0.500000
294 293 2.100000
297 296 1.000000
298 296 0.333333
299 296 0.333333
299 298 0.333333
300 296 1.333330
300 298 0.333333
300 299 0.333333
301 150 0.500000
301 151 0.500000
301 162 0.250000
301 203 1.166670
302 203 0.833333
302 301 1.333330
303 203 0.333333
303 301 0.333333
303 302 0.333333
304 301 0.500000
304 302 0.500000
305 78 0.583333
306 78 0.250000
306 305 0.250000
307 78 0.250000
307 265 0.250000
307 266 0.250000
307 268 0.250000
307 305 0.250000
307 306 0.250000
308 78 1.583330
308 305 0.583333
308 306 0.250000
308 307 0.250000
309 78 3.333330
309 305 0.333333
309 308 2.333330
310 69 0.500000
310 97 0.500000
312 311 1.000000
314 313 0.500000
315 313 0.500000
315 314 0.500000
316 162 0.250000
316 203 0.333333
316 301 0.583333
317 203 0.333333
317 301 0.333333
317 316 0.333333
319 318 1.000000
321 320 0.833333
322 320 0.333333
322 321 0.333333
323 320 0.666667
323 321 0.333333
323 322 0.333333
324 320 0.333333
324 323 0.333333
325 320 0.333333
325 323 0.333333
325 324 0.333333
327 30 0.333333
327 326 0.333333
328 326 0.333333
328 327 1.166670
329 326 0.333333
329 327 0.333333
329 328 0.333333
330 151 0.500000
331 151 0.500000
331 330 0.500000
333 332 0.333333
334 332 0.333333
334 333 0.333333
335 332 0.333333
335 333 0.333333
335 334 0.333333
337 336 1.000000
339 338 0.333333
340 338 0.333333
340 339 0.333333
341 338 0.333333
341 339 1.333330
341 340 0.333333
343 219 2.476190
343 221 0.333333
343 342 0.500000
344 342 0.500000
344 343 0.500000
345 216 0.583333
345 252 0.250000
346 216 0.916667
346 252 0.250000
346 345 0.583333
347 216 0.583333
347 252 0.250000
347 345 0.583333
347 346 0.583333
349 348 0.200000
350 348 0.200000
350 349 0.200000
351 348 0.200000
351 349 0.200000
351 350 0.200000
352 348 0.200000
352 349 0.200000
352 350 0.200000
352 351 0.200000
353 348 0.200000
353 349 0.200000
353 350 0.200000
353 351 0.200000
353 352 0.200000
355 354 0.500000
356 354 0.500000
356 355 0.500000
358 357 0.833333
359 357 0.500000
359 358 0.500000
360 357 0.333333
360 358 0.333333
361 357 0.333333
361 358 0.333333
361 360 0.333333
362 62 0.200000
363 362 1.000000
364 362 0.500000
365 362 0.500000
365 364 0.500000
367 366 0.500000
368 366 0.500000
368 367 0.500000
369 24 0.500000
369 25 0.500000
370 78 0.500000
371 78 2.500000
371 309 0.500000
371 370 0.500000
373 372 0.500000
374 372 0.500000
374 373 0.500000
375 33 0.250000
376 33 0.250000
376 375 1.916670
377 33 0.250000
377 375 2.916670
377 376 1.916670
378 375 0.333333
378 376 0.333333
378 377 0.333333
380 379 0.500000
381 379 0.500000
381 380 0.500000
383 382 0.500000
384 382 0.500000
384 383 0.500000
386 385 0.142857
387 385 0.142857
387 386 0.142857
388 385 0.142857
388 386 0.142857
388 387 0.142857
389 385 0.142857
389 386 0.142857
389 387 0.142857
389 388 0.142857
390 385 0.142857
390 386 0.142857
390 387 0.142857
390 388 0.142857
390 389 0.142857
391 385 0.142857
391 386 0.142857
391 387 0.142857
391 388 0.142857
391 389 0.142857
391 390 0.142857
392 385 0.142857
392 386 0.142857
392 387 0.142857
392 388 0.142857
392 389 0.142857
392 390 0.142857
392 391 0.142857
394 393 0.333333
395 393 0.333333
395 394 0.333333
396 393 0.333333
396 394 0.333333
396 395 0.333333
398 397 0.333333
399 397 0.333333
399 398 0.333333
400 397 0.333333
400 398 0.333333
400 399 0.333333
401 277 0.166667
401 278 0.166667
402 30 0.333333
402 277 0.166667
402 278 0.166667
402 327 2.166670
402 328 0.333333
402 401 0.166667
403 277 0.500000
403 278 0.500000
403 401 0.166667
403 402 0.166667
404 277 0.166667
404 278 0.166667
404 401 0.166667
404 402 0.166667
404 403 0.166667
405 277 0.166667
405 278 0.166667
405 401 0.166667
405 402 0.166667
405 403 0.166667
405 404 0.166667
406 166 1.000000
409 408 0.250000
410 408 0.583333
410 409 0.250000
411 408 0.250000
411 409 0.250000
411 410 0.250000
412 408 0.583333
412 409 0.250000
412 410 0.583333
412 411 0.250000
413 408 0.333333
413 410 0.333333
413 412 0.333333
415 247 0.333333
415 414 1.000000
416 327 3.500000
416 328 0.333333
416 402 0.833333
417 327 1.000000
417 402 1.000000
419 418 1.000000
421 319 1.000000
423 422 0.500000
424 422 0.500000
424 423 0.500000
426 425 0.500000
427 425 0.500000
427 426 0.500000
428 46 1.333330
429 428 1.000000
431 430 1.000000
432 430 1.000000
434 433 1.000000
435 244 1.000000
435 245 1.000000
437 436 0.500000
438 436 0.500000
438 437 0.500000
439 118 0.500000
440 439 1.000000
441 118 0.500000
441 439 0.500000
443 72 0.500000
443 442 1.000000
445 444 1.000000
447 446 0.333333
448 446 0.333333
448 447 0.333333
449 446 0.333333
449 447 0.333333
449 448 0.333333
450 282 1.000000
453 452 0.142857
454 452 0.142857
454 453 0.142857
455 452 0.142857
455 453 0.142857
455 454 0.142857
456 452 0.142857
456 453 0.142857
456 454 0.142857
456 455 0.142857
457 452 0.142857
457 453 0.142857
457 454 0.142857
457 455 0.142857
457 456 0.142857
458 452 0.142857
458 453 0.642857
458 454 0.142857
458 455 0.142857
458 456 0.142857
458 457 0.142857
459 452 0.142857
459 453 0.642857
459 454 0.142857
459 455 0.142857
459 456 0.142857
459 457 0.142857
459 458 0.642857
461 460 0.333333
462 460 0.333333
462 461 0.333333
463 301 0.500000
463 460 0.333333
463 461 0.333333
463 462 0.333333
464 33 1.000000
465 464 1.500000
466 464 0.500000
466 465 0.500000
468 467 0.250000
469 467 0.250000
469 468 0.250000
470 467 0.250000
470 468 0.250000
470 469 0.250000
471 467 0.250000
471 468 0.250000
471 469 0.250000
471 470 0.250000
473 219 0.500000
473 222 0.500000
473 472 0.833333
474 472 0.500000
474 473 0.500000
476 475 1.000000
477 475 0.500000
478 475 0.500000
478 477 0.500000
480 479 0.333333
481 479 0.333333
481 480 0.333333
482 479 0.333333
482 480 0.333333
482 481 0.333333
484 483 1.000000
485 33 1.000000
487 486 1.000000
488 33 0.333333
488 54 0.333333
489 33 0.333333
489 54 0.333333
489 488 0.333333
490 78 0.500000
490 309 1.500000
491 309 0.500000
491 490 0.500000
492 490 1.000000
493 309 0.500000
493 490 0.500000
495 494 0.500000
496 494 0.500000
496 495 0.500000
498 497 1.000000
499 303 1.000000
500 150 0.500000
501 500 1.000000
502 500 2.500000
502 501 1.000000
503 500 1.500000
503 502 0.500000
506 505 1.000000
507 33 0.583333
507 190 0.583333
508 33 0.583333
508 190 0.583333
508 507 1.083330
509 33 0.250000
509 190 0.250000
509 507 0.750000
509 508 0.750000
512 511 1.000000
513 244 0.500000
513 245 0.500000
515 514 0.833333
516 150 1.083330
516 151 1.583330
516 216 0.333333
516 225 0.250000
516 346 0.333333
516 514 0.833333
516 515 2.333330
517 127 0.333333
517 150 1.583330
517 151 2.250000
517 152 1.000000
517 225 0.250000
517 514 0.333333
517 515 0.333333
517 516 2.916670
519 518 1.000000
521 520 1.000000
522 76 1.000000
523 522 0.250000
524 522 0.250000
524 523 0.250000
525 522 0.250000
525 523 0.250000
525 524 0.250000
526 522 0.250000
526 523 0.250000
526 524 0.250000
526 525 0.250000
527 522 2.000000
529 528 1.000000
531 530 0.533333
532 530 0.533333
532 531 0.533333
533 530 0.333333
533 531 0.333333
533 532 0.333333
535 534 1.000000
538 537 0.500000
539 537 0.833333
539 538 0.500000
540 537 0.333333
541 537 0.333333
541 540 0.333333
542 537 0.333333
542 540 0.333333
542 541 0.333333
545 544 1.000000
547 55 0.500000
547 56 0.500000
547 329 1.500000
547 546 1.000000
548 121 0.333333
549 121 0.333333
549 548 0.333333
550 121 1.833330
550 548 0.333333
550 549 0.333333
553 552 0.500000
554 552 0.500000
554 553 0.500000
557 556 0.500000
558 556 0.500000
558 557 0.500000
560 559 1.000000
561 33 0.708333
561 34 0.375000
561 53 0.708333
561 54 0.375000
561 132 0.125000
561 133 0.125000
561 134 0.125000
562 33 0.458333
562 34 0.125000
562 53 0.458333
562 54 0.125000
562 132 0.125000
562 133 0.125000
562 134 0.125000
562 561 0.458333
563 82 1.000000
564 563 0.333333
565 563 0.333333
565 564 0.333333
566 563 0.333333
566 564 0.333333
566 565 0.333333
567 189 2.333330
569 568 1.000000
571 570 1.000000
573 572 1.000000
574 281 2.500000
574 283 0.500000
575 281 0.500000
575 574 0.500000
576 281 0.500000
576 574 0.500000
578 577 1.000000
581 580 0.500000
582 580 0.500000
582 581 0.500000
584 583 1.000000
585 136 0.333333
586 136 0.333333
586 585 0.333333
587 136 1.833330
587 585 0.333333
587 586 0.333333
590 307 1.000000
590 589 0.583333
591 589 0.583333
591 590 1.583330
592 589 0.333333
592 590 0.333333
592 591 0.333333
594 593 1.000000
595 277 0.333333
595 278 0.333333
595 403 0.333333
596 46 1.000000
596 327 0.500000
596 416 0.500000
598 597 1.000000
600 599 1.000000
603 602 1.000000
606 275 0.333333
607 275 0.333333
607 606 0.333333
608 275 0.333333
608 606 0.333333
608 607 0.333333
609 45 0.833333
610 45 0.500000
610 609 0.500000
611 45 0.333333
611 609 0.333333
612 45 0.333333
612 609 0.333333
612 611 0.333333
615 614 1.000000
617 616 1.000000
619 618 0.500000
620 618 0.500000
620 619 0.500000
622 621 1.000000
624 623 1.000000
626 625 0.333333
627 625 0.333333
627 626 0.333333
628 625 0.333333
628 626 0.333333
628 627 0.333333
630 629 0.500000
631 337 0.200000
631 629 0.500000
631 630 1.000000
633 632 1.000000
636 635 0.500000
637 635 0.500000
637 636 0.500000
638 162 0.250000
638 301 0.750000
638 316 0.250000
638 463 0.500000
639 162 0.250000
639 301 0.250000
639 316 0.250000
639 638 0.250000
640 638 1.000000
641 78 1.000000
643 642 1.000000
646 78 2.500000
648 647 1.000000
650 189 0.333333
650 567 0.333333
651 189 0.333333
651 567 0.333333
651 650 0.333333
652 34 0.250000
653 652 0.333333
654 34 1.250000
654 55 0.333333
654 56 0.333333
654 652 2.083330
654 653 0.333333
655 34 0.250000
655 652 2.083330
655 653 0.333333
655 654 2.083330
656 652 0.333333
656 654 0.333333
656 655 0.333333
657 34 0.250000
657 652 0.583333
657 654 0.916667
657 655 0.583333
659 658 0.333333
660 658 0.333333
660 659 0.333333
661 658 0.333333
661 659 0.333333
661 660 0.333333
663 662 0.750000
664 662 0.250000
664 663 0.250000
665 662 0.250000
665 663 0.250000
665 664 0.250000
666 662 0.250000
666 663 0.250000
666 664 0.250000
666 665 0.250000
668 667 1.000000
670 669 1.000000
671 669 1.000000
673 672 1.000000
674 515 0.500000
674 516 0.500000
675 443 0.500000
676 443 0.500000
676 675 0.500000
677 662 0.500000
677 663 0.500000
679 678 0.500000
680 678 0.500000
680 679 0.500000
682 681 0.333333
683 681 0.333333
683 682 0.333333
684 681 0.333333
684 682 0.333333
684 683 0.333333
685 57 1.000000
686 350 1.000000
689 537 0.333333
689 539 0.333333
690 537 0.333333
690 539 0.333333
690 689 0.333333
692 342 1.000000
694 693 0.200000
695 693 0.200000
695 694 0.200000
696 693 0.200000
696 694 0.200000
696 695 0.200000
697 219 0.142857
697 343 0.142857
697 693 1.200000
697 694 0.200000
697 695 0.200000
697 696 0.200000
698 693 0.200000
698 694 0.200000
698 695 0.200000
698 696 0.200000
698 697 0.200000
699 445 1.000000
700 96 0.333333
701 96 0.333333
701 700 0.333333
702 96 0.333333
702 700 0.333333
702 701 0.333333
705 704 0.333333
706 704 0.333333
706 705 0.333333
707 704 0.333333
707 705 0.333333
707 706 0.333333
708 94 0.583333
708 96 0.583333
708 97 0.583333
708 99 0.250000
709 69 0.666667
709 71 0.333333
709 72 0.333333
709 97 0.333333
710 69 0.333333
710 97 0.333333
710 709 0.333333
711 87 0.500000
711 88 0.500000
712 642 0.500000
713 642 0.500000
713 712 0.500000
715 695 0.250000
716 695 0.250000
716 715 0.250000
717 695 0.250000
717 715 0.250000
717 716 0.250000
718 695 0.250000
718 715 0.250000
718 716 0.250000
718 717 0.250000
720 719 2.000000
721 670 1.000000
724 723 0.333333
725 723 0.333333
725 724 0.333333
726 723 0.333333
726 724 0.333333
726 725 0.333333
729 136 0.500000
729 587 0.500000
731 730 1.000000
733 732 0.500000
734 732 0.500000
734 733 0.500000
736 71 0.500000
737 71 0.500000
737 736 0.500000
738 72 0.500000
738 443 0.500000
739 443 1.000000
742 293 0.900000
742 294 1.900000
742 523 0.333333
743 293 0.900000
743 294 1.400000
743 742 1.400000
744 293 0.700000
744 294 2.700000
744 742 1.200000
744 743 0.700000
745 742 1.000000
746 294 0.333333
746 523 0.333333
746 742 2.333330
748 747 1.000000
751 750 1.000000
752 719 0.500000
753 719 0.500000
753 752 0.500000
755 754 1.000000
756 34 0.500000
756 78 0.500000
757 69 0.750000
757 72 0.250000
757 756 0.500000
758 69 0.750000
758 72 0.250000
758 756 0.500000
758 757 1.250000
759 78 0.500000
759 371 0.500000
759 756 1.000000
760 34 0.500000
760 756 1.500000
761 34 0.333333
761 756 1.866670
762 34 0.333333
762 756 0.333333
762 761 0.666667
763 34 0.333333
763 756 0.333333
763 761 0.666667
763 762 0.666667
764 121 0.833333
764 756 0.533333
764 761 0.533333
765 121 0.333333
765 756 0.533333
765 761 0.533333
765 764 0.866667
767 766 0.333333
768 766 0.333333
768 767 0.333333
769 766 0.333333
769 767 0.333333
769 768 0.333333
770 126 0.200000
770 127 0.200000
771 126 0.200000
771 127 0.200000
771 770 0.200000
772 126 0.200000
772 127 0.200000
772 770 0.200000
772 771 0.200000
773 126 0.200000
773 127 0.200000
773 770 0.200000
773 771 0.200000
773 772 0.200000
774 654 0.333333
774 657 0.333333
774 761 1.333330
775 756 0.200000
775 761 1.533330
775 764 0.200000
775 765 0.200000
775 774 1.333330
776 761 0.333333
776 774 0.333333
776 775 0.333333
778 777 1.000000
780 496 0.500000
781 496 0.500000
781 780 0.500000
783 631 1.000000
784 631 0.500000
784 783 0.500000
786 785 0.500000
787 785 0.500000
787 786 0.500000
788 216 0.333333
788 346 0.333333
788 516 0.333333
789 597 1.000000
790 597 1.000000
790 789 1.000000
792 662 0.333333
793 662 0.333333
793 792 0.333333
794 662 0.333333
794 792 0.333333
794 793 0.333333
795 64 0.250000
796 64 0.250000
796 795 0.250000
797 64 0.250000
797 795 0.250000
797 796 0.250000
798 64 0.250000
798 795 0.250000
798 796 0.250000
798 797 0.250000
800 799 0.200000
801 799 0.200000
801 800 0.200000
802 799 0.200000
802 800 0.200000
802 801 0.200000
803 799 0.200000
803 800 0.200000
803 801 0.200000
803 802 0.200000
804 799 0.200000
804 800 0.200000
804 801 0.200000
804 802 0.200000
804 803 0.200000
805 62 0.926190
805 362 0.200000
806 62 1.259520
806 362 0.200000
806 805 0.926190
807 62 0.926190
807 362 0.200000
807 805 0.926190
807 806 0.926190
808 62 0.250000
808 805 0.250000
808 806 0.250000
808 807 0.250000
810 809 1.000000
813 812 1.000000
815 814 0.500000
816 814 0.500000
816 815 0.500000
818 817 1.000000
820 819 1.000000
822 821 0.333333
823 821 0.333333
823 822 0.333333
824 821 0.333333
824 822 0.333333
824 823 0.333333
826 825 0.111111
827 825 0.111111
827 826 0.111111
828 825 0.111111
828 826 0.111111
828 827 0.111111
829 825 0.111111
829 826 0.111111
829 827 0.111111
829 828 0.111111
830 825 0.111111
830 826 0.111111
830 827 0.111111
830 828 0.111111
830 829 0.111111
831 825 0.111111
831 826 0.111111
831 827 0.111111
831 828 0.111111
831 829 0.111111
831 830 0.111111
832 825 0.111111
832 826 0.111111
832 827 0.111111
832 828 0.111111
832 829 0.111111
832 830 0.111111
832 831 0.111111
833 825 0.111111
833 826 0.111111
833 827 0.111111
833 828 0.111111
833 829 0.111111
833 830 0.111111
833 831 0.111111
833 832 0.111111
834 825 0.111111
834 826 0.111111
834 827 0.111111
834 828 0.111111
834 829 0.111111
834 830 0.111111
834 831 0.111111
834 832 0.111111
834 833 0.111111
836 835 0.500000
837 835 0.500000
837 836 0.500000
839 33 0.333333
839 34 0.333333
839 54 0.333333
840 30 0.250000
840 33 0.450000
840 34 0.450000
840 54 0.450000
842 841 1.500000
843 841 0.500000
843 842 0.500000
845 844 0.333333
846 844 0.333333
846 845 0.333333
847 844 0.333333
847 845 0.333333
847 846 0.333333
849 848 1.000000
851 850 0.500000
852 850 0.500000
852 851 0.500000
853 78 0.500000
853 646 0.500000
856 855 0.500000
857 855 0.500000
857 856 0.500000
859 106 1.000000
860 294 0.200000
861 860 0.500000
862 860 0.500000
862 861 0.500000
863 654 0.500000
864 654 0.500000
864 863 0.500000
865 34 0.500000
865 654 0.500000
866 371 0.500000
867 371 0.500000
867 866 0.500000
871 870 0.250000
872 870 0.250000
872 871 0.250000
873 870 0.250000
873 871 0.250000
873 872 0.250000
874 870 0.250000
874 871 0.250000
874 872 0.250000
874 873 0.250000
878 877 0.250000
879 877 0.250000
879 878 0.250000
880 877 0.250000
880 878 0.250000
880 879 0.250000
881 877 0.250000
881 878 0.250000
881 879 0.250000
881 880 0.250000
884 883 0.500000
885 883 0.500000
885 884 0.500000
887 886 1.000000
889 888 0.500000
890 888 0.500000
890 889 0.500000
892 756 0.200000
892 761 0.200000
892 764 0.200000
892 765 0.200000
892 775 0.200000
893 55 0.333333
893 56 0.333333
893 652 0.333333
893 654 0.666667
893 655 0.333333
894 30 0.333333
894 327 0.333333
894 402 0.333333
896 895 0.250000
897 895 0.250000
897 896 0.250000
898 895 0.250000
898 896 0.250000
898 897 0.250000
899 895 0.250000
899 896 0.250000
899 897 0.250000
899 898 0.250000
901 900 0.500000
902 900 0.500000
902 901 0.500000
904 903 0.500000
905 903 0.500000
905 904 0.500000
907 906 1.000000
908 265 0.250000
908 266 0.250000
908 268 0.250000
908 307 0.250000
910 909 0.500000
911 909 0.500000
911 910 0.500000
913 912 0.200000
914 912 0.200000
914 913 0.342857
915 912 0.200000
915 913 0.342857
915 914 0.342857
916 912 0.200000
916 913 0.985714
916 914 0.342857
916 915 0.342857
917 912 0.200000
917 913 0.200000
917 914 0.200000
917 915 0.200000
917 916 0.200000
918 171 1.000000
921 920 1.000000
922 415 1.000000
924 923 0.500000
925 923 0.500000
925 924 0.500000
926 177 1.000000
927 243 1.250000
930 929 1.000000
931 293 0.400000
931 294 0.400000
931 742 0.700000
931 743 0.200000
932 293 0.400000
932 294 0.400000
932 742 0.700000
932 743 0.200000
932 931 1.900000
933 931 1.000000
934 55 0.500000
934 56 0.500000
935 117 0.250000
936 117 0.250000
936 935 0.250000
937 117 0.250000
937 935 0.250000
937 936 0.250000
938 117 0.250000
938 935 0.250000
938 936 0.250000
938 937 0.250000
940 478 1.000000
942 941 0.500000
943 941 0.500000
943 942 0.500000
944 263 0.200000
944 265 0.200000
944 266 0.200000
944 268 0.200000
945 263 0.200000
945 265 0.200000
945 266 0.200000
945 268 0.200000
945 944 0.200000
946 1 1.000000
948 947 1.000000
950 949 1.000000
952 951 1.166670
953 951 1.166670
953 952 1.166670
954 951 0.666667
954 952 0.666667
954 953 0.666667
955 194 0.500000
956 194 1.083330
956 955 0.500000
958 957 0.500000
959 957 0.500000
959 958 0.500000
961 960 0.500000
962 960 0.500000
962 961 0.500000
963 151 0.333333
963 517 0.333333
964 151 0.333333
964 517 0.333333
964 963 0.333333
966 965 0.200000
967 965 0.200000
967 966 0.200000
968 965 0.200000
968 966 0.200000
968 967 0.200000
969 965 0.200000
969 966 0.200000
969 967 0.200000
969 968 0.200000
970 965 0.200000
970 966 0.200000
970 967 0.200000
970 968 0.200000
970 969 0.200000
973 300 1.000000
973 972 1.000000
975 974 0.500000
976 88 1.000000
976 974 0.500000
976 975 0.500000
977 69 0.250000
977 72 0.250000
977 757 0.250000
977 758 0.250000
979 978 1.000000
981 980 0.500000
982 980 0.500000
982 981 0.500000
984 472 0.333333
984 473 2.166670
984 983 1.000000
985 473 0.333333
985 983 0.500000
985 984 0.833333
986 983 0.500000
986 984 0.500000
988 987 1.000000
989 973 1.000000
991 88 2.000000
993 992 1.000000
995 994 0.250000
996 994 0.250000
996 995 0.250000
997 994 0.250000
997 995 0.250000
997 996 0.250000
998 994 0.250000
998 995 0.250000
998 996 0.250000
998 997 0.250000
1000 254 0.500000
1000 255 0.500000
1000 913 0.142857
1000 916 0.142857
1000 999 1.000000
1002 973 0.833333
1003 973 0.833333
1003 1002 0.833333
1004 973 0.333333
1004 1002 0.333333
1004 1003 0.333333
1005 78 1.000000
1007 1006 1.000000
1008 33 0.500000
1008 51 0.500000
1010 1009 1.000000
1012 1011 1.000000
1014 1013 1.000000
1016 62 1.333330
1016 806 0.333333
1018 1017 1.200000
1021 127 0.250000
1021 128 0.750000
1022 127 0.250000
1022 128 0.250000
1022 1021 0.250000
1023 127 0.250000
1023 128 1.750000
1023 1021 0.750000
1023 1022 0.250000
1024 53 0.500000
1025 53 0.500000
1025 1024 0.500000
1026 303 0.333333
1027 1026 1.000000
1028 294 0.333333
1028 746 0.333333
1029 294 0.333333
1029 746 0.333333
1029 1028 0.333333
1030 121 0.500000
1030 550 0.500000
1032 1031 1.000000
1034 1033 1.000000
1036 1035 1.000000
1037 1035 0.500000
1038 1035 0.500000
1038 1037 0.500000
1039 308 0.500000
1040 308 1.500000
1040 1039 0.500000
1041 216 0.333333
1041 218 0.333333
1041 224 0.333333
1043 1042 0.500000
1044 1042 0.500000
1044 1043 0.500000
1045 1010 1.000000
1046 482 1.000000
1047 12 0.250000
1048 12 0.250000
1048 1047 0.250000
1049 12 0.250000
1049 1047 0.250000
1049 1048 0.250000
1050 12 0.250000
1050 1047 0.250000
1050 1048 0.250000
1050 1049 0.250000
1053 1052 1.000000
1055 1054 1.000000
1056 1054 0.333333
1057 1054 0.333333
1057 1056 0.333333
1058 1054 0.333333
1058 1056 0.333333
1058 1057 0.333333
1061 1060 0.111111
1062 1060 0.111111
1062 1061 0.111111
1063 1060 0.111111
1063 1061 0.111111
1063 1062 0.111111
1064 1060 0.111111
1064 1061 0.111111
1064 1062 0.111111
1064 1063 0.111111
1065 1060 0.111111
1065 1061 0.111111
1065 1062 0.111111
1065 1063 0.111111
1065 1064 0.111111
1066 1060 0.111111
1066 1061 0.111111
1066 1062 0.111111
1066 1063 0.111111
1066 1064 0.111111
1066 1065 0.111111
1067 1060 0.111111
1067 1061 0.111111
1067 1062 0.111111
1067 1063 0.111111
1067 1064 0.111111
1067 1065 0.111111
1067 1066 0.111111
1068 1060 0.111111
1068 1061 0.111111
1068 1062 0.111111
1068 1063 0.111111
1068 1064 0.111111
1068 1065 0.111111
1068 1066 0.111111
1068 1067 0.111111
1069 1060 0.111111
1069 1061 0.111111
1069 1062 0.111111
1069 1063 0.111111
1069 1064 0.111111
1069 1065 0.111111
1069 1066 0.111111
1069 1067 0.111111
1069 1068 0.111111
1070 62 0.142857
1070 805 0.142857
1070 806 0.142857
1070 807 0.142857
1071 62 0.676190
1071 362 0.200000
1071 805 0.342857
1071 806 0.676190
1071 807 0.342857
1071 1016 0.333333
1071 1070 0.142857
1072 62 0.142857
1072 805 0.142857
1072 806 0.142857
1072 807 0.142857
1072 1070 0.142857
1072 1071 0.142857
1073 62 0.142857
1073 805 0.142857
1073 806 0.142857
1073 807 0.142857
1073 1070 0.142857
1073 1071 0.142857
1073 1072 0.142857
1074 227 1.000000
1079 1078 1.000000
1081 281 2.000000
1082 69 0.500000
1083 69 0.500000
1083 1082 0.500000
1084 0 0.500000
1084 1 0.500000
1086 516 0.500000
1087 516 2.500000
1087 1086 0.500000
1088 151 0.500000
1088 516 1.000000
1088 1087 0.500000
1089 516 0.500000
1089 1087 0.500000
1091 472 0.333333
1091 473 0.333333
1091 984 0.333333
1092 473 0.833333
1092 984 0.833333
1092 985 0.333333
1094 1093 0.333333
1095 1093 0.333333
1095 1094 0.333333
1096 1093 0.333333
1096 1094 0.333333
1096 1095 0.333333
1098 1097 0.500000
1099 1097 0.500000
1099 1098 0.500000
1102 1101 0.500000
1103 1101 0.500000
1103 1102 0.500000
1106 1105 0.125000
1107 1105 0.125000
1107 1106 0.125000
1108 1105 0.125000
1108 1106 0.125000
1108 1107 0.125000
1109 1105 0.125000
1109 1106 0.125000
1109 1107 0.125000
1109 1108 0.125000
1110 1105 0.125000
1110 1106 0.125000
1110 1107 0.125000
1110 1108 0.125000
1110 1109 0.125000
1111 1105 0.125000
1111 1106 0.125000
1111 1107 0.125000
1111 1108 0.125000
1111 1109 0.125000
1111 1110 0.125000
1112 1105 0.125000
1112 1106 0.125000
1112 1107 0.125000
1112 1108 0.125000
1112 1109 0.125000
1112 1110 0.125000
1112 1111 0.125000
1113 1105 0.125000
1113 1106 0.125000
1113 1107 0.125000
1113 1108 0.125000
1113 1109 0.125000
1113 1110 0.125000
1113 1111 0.125000
1113 1112 0.125000
1115 1114 1.000000
1117 1116 0.250000
1118 1116 0.250000
1118 1117 0.250000
1119 1116 0.250000
1119 1117 0.250000
1119 1118 0.250000
1120 1116 0.250000
1120 1117 0.250000
1120 1118 0.250000
1120 1119 0.250000
1121 78 0.500000
1122 78 0.500000
1122 1121 0.500000
1123 78 0.500000
1123 756 0.500000
1124 247 0.333333
1124 415 0.333333
1125 247 0.333333
1125 415 0.333333
1125 1124 0.333333
1128 1127 1.000000
1129 976 1.000000
1130 34 0.500000
1130 654 0.833333
1130 657 0.333333
1130 774 0.333333
1132 1131 1.000000
1134 1133 1.000000
1135 194 0.583333
1135 956 0.583333
1136 194 0.250000
1136 956 0.250000
1136 1135 0.250000
1137 194 0.250000
1137 956 0.250000
1137 1135 0.250000
1137 1136 0.250000
1138 194 0.333333
1138 956 0.333333
1138 1135 0.333333
1140 1139 1.000000
1142 1141 1.000000
1145 219 2.142860
1145 221 0.333333
1145 343 1.476190
1145 697 0.142857
1147 1146 0.250000
1148 1146 0.250000
1148 1147 0.250000
1149 1146 0.250000
1149 1147 0.250000
1149 1148 0.250000
1150 1146 0.250000
1150 1147 0.250000
1150 1148 0.250000
1150 1149 0.250000
1153 1152 0.125000
1154 1152 0.125000
1154 1153 0.125000
1155 1152 0.125000
1155 1153 0.125000
1155 1154 0.125000
1156 1152 0.125000
1156 1153 0.125000
1156 1154 0.125000
1156 1155 0.125000
1157 1152 0.125000
1157 1153 0.125000
1157 1154 0.125000
1157 1155 0.125000
1157 1156 0.125000
1158 1152 0.125000
1158 1153 0.125000
1158 1154 0.125000
1158 1155 0.125000
1158 1156 0.125000
1158 1157 0.125000
1159 1152 0.125000
1159 1153 0.125000
1159 1154 0.125000
1159 1155 0.125000
1159 1156 0.125000
1159 1157 0.125000
1159 1158 0.125000
1160 1152 0.125000
1160 1153 0.125000
1160 1154 0.125000
1160 1155 0.125000
1160 1156 0.125000
1160 1157 0.125000
1160 1158 0.125000
1160 1159 0.125000
1162 114 0.500000
1162 186 1.250000
1163 114 0.500000
1163 1162 0.500000
1165 1164 1.000000
1166 258 0.333333
1166 259 0.333333
1167 258 0.333333
1167 259 0.333333
1167 1166 0.333333
1169 1168 1.000000
1170 820 1.000000
1172 78 1.000000
1175 931 0.500000
1176 931 0.500000
1176 1175 0.500000
1177 96 0.500000
1177 150 0.500000
1178 150 0.833333
1178 281 0.833333
1180 589 0.250000
1180 590 0.250000
1180 591 0.250000
1181 589 0.250000
1181 590 0.250000
1181 591 0.250000
1181 1180 0.250000
1182 302 1.000000
1185 1184 0.500000
1186 1184 0.500000
1186 1185 0.500000
1189 327 0.500000
1189 328 0.500000
1190 33 0.200000
1190 34 0.200000
1190 54 0.200000
1190 840 0.200000
1191 33 0.200000
1191 34 0.200000
1191 54 0.200000
1191 840 0.200000
1191 1190 0.200000
1194 1193 1.000000
1195 78 0.333333
1196 78 0.333333
1196 1195 0.333333
1197 78 0.333333
1197 1195 0.333333
1197 1196 0.333333
1199 1198 0.500000
1200 1198 0.500000
1200 1199 0.500000
1201 913 0.785714
1201 914 0.142857
1201 915 0.142857
1201 916 1.119050
1201 1000 0.142857
1202 913 0.142857
1202 916 0.142857
1202 1000 0.142857
1202 1201 0.142857
1203 913 0.142857
1203 916 0.142857
1203 1000 0.142857
1203 1201 0.142857
1203 1202 0.142857
1204 913 0.142857
1204 916 0.142857
1204 1000 0.142857
1204 1201 0.142857
1204 1202 0.142857
1204 1203 0.142857
1205 913 0.142857
1205 916 0.142857
1205 1000 0.142857
1205 1201 0.142857
1205 1202 0.142857
1205 1203 0.142857
1205 1204 0.142857
1206 913 0.142857
1206 914 0.142857
1206 915 0.142857
1206 916 0.142857
1206 1201 0.142857
1207 913 0.142857
1207 914 0.142857
1207 915 0.142857
1207 916 0.142857
1207 1201 0.142857
1207 1206 0.142857
1208 913 0.142857
1208 914 0.142857
1208 915 0.142857
1208 916 0.142857
1208 1201 0.142857
1208 1206 0.142857
1208 1207 0.142857
1210 1209 0.333333
1211 1209 0.333333
1211 1210 0.333333
1212 1209 0.333333
1212 1210 0.333333
1212 1211 0.333333
1214 330 0.250000
1215 330 0.250000
1215 1214 0.250000
1216 330 0.250000
1216 1214 0.250000
1216 1215 0.250000
1217 330 0.250000
1217 1214 0.250000
1217 1215 0.250000
1217 1216 0.250000
1219 1218 1.000000
1221 150 0.500000
1221 500 0.500000
1223 1222 0.500000
1224 1222 0.500000
1224 1223 0.500000
1226 1225 1.000000
1227 1225 1.000000
1228 33 0.250000
1228 54 0.250000
1228 132 0.250000
1229 33 0.250000
1229 54 0.250000
1229 132 0.250000
1229 1228 0.250000
1230 244 1.000000
1232 1231 1.000000
1233 415 0.500000
1234 415 0.500000
1234 1233 0.500000
1235 481 0.500000
1236 481 0.500000
1236 1235 0.500000
1238 1237 1.000000
1239 547 1.000000
1241 1240 1.000000
1243 1242 1.000000
1244 482 0.250000
1245 482 0.250000
1245 1244 0.250000
1246 482 0.250000
1246 1244 0.250000
1246 1245 0.250000
1247 482 0.250000
1247 1244 0.250000
1247 1245 0.250000
1247 1246 0.250000
1249 1248 1.000000
1250 481 0.500000
1251 481 0.500000
1251 1250 0.500000
1253 1252 0.500000
1254 1252 1.500000
1254 1253 0.500000
1255 121 0.833333
1255 764 0.833333
1255 765 0.333333
1256 916 0.333333
1256 1201 0.333333
1257 916 0.333333
1257 1201 0.333333
1257 1256 0.333333
1259 1258 1.000000
1261 1260 0.500000
1262 1260 0.500000
1262 1261 0.500000
1263 375 0.333333
1263 376 0.333333
1263 377 0.333333
1265 1264 0.333333
1266 1264 0.333333
1266 1265 0.333333
1267 1264 0.333333
1267 1265 0.333333
1267 1266 0.333333
1268 872 1.000000
1270 320 0.500000
1270 321 0.500000
1271 947 0.500000
1272 947 0.500000
1272 1271 0.500000
1273 843 0.750000
1274 843 0.750000
1274 1273 0.750000
1275 843 0.250000
1275 1273 0.250000
1275 1274 0.250000
1276 843 0.250000
1276 1273 0.250000
1276 1274 0.250000
1276 1275 0.250000
1278 293 0.200000
1278 294 0.700000
1278 742 0.200000
1278 743 0.200000
1278 744 0.700000
1279 744 0.333333
1280 744 0.333333
1280 1279 0.333333
1281 744 0.333333
1281 1279 0.333333
1281 1280 0.333333
1282 219 0.333333
1282 1145 0.333333
1283 219 0.333333
1283 1145 0.333333
1283 1282 0.333333
1287 1286 0.250000
1288 1286 0.250000
1288 1287 0.250000
1289 1286 0.250000
1289 1287 0.250000
1289 1288 0.250000
1290 1286 0.250000
1290 1287 0.250000
1290 1288 0.250000
1290 1289 0.250000
1293 1292 0.500000
1294 1292 0.500000
1294 1293 0.500000
1295 33 0.250000
1295 375 0.250000
1295 376 0.250000
1295 377 0.250000
1299 1298 1.000000
1303 1018 0.500000
1304 1018 0.500000
1304 1303 0.500000
1305 1018 1.000000
1306 1017 0.200000
1306 1018 0.200000
1307 1017 0.200000
1307 1018 0.200000
1307 1306 0.200000
1308 1017 0.200000
1308 1018 0.200000
1308 1306 0.200000
1308 1307 0.200000
1309 1017 0.200000
1309 1018 0.200000
1309 1306 0.200000
1309 1307 0.200000
1309 1308 0.200000
1311 1310 1.000000
1313 1312 0.250000
1314 1312 0.250000
1314 1313 0.250000
1315 53 0.250000
1315 1312 0.250000
1315 1313 0.250000
1315 1314 0.250000
1316 1312 0.250000
1316 1313 0.250000
1316 1314 0.250000
1316 1315 0.250000
1318 900 1.000000
1321 1320 1.000000
1322 524 1.000000
1324 1323 0.500000
1325 1323 0.500000
1325 1324 0.500000
1327 1326 1.000000
1329 1328 1.000000
1332 1331 0.500000
1333 1331 0.500000
1333 1332 0.500000
1336 1335 0.333333
1337 1335 0.333333
1337 1336 0.333333
1338 1335 0.333333
1338 1336 0.333333
1338 1337 0.333333
1339 882 1.000000
1341 517 1.000000
1342 150 0.333333
1342 281 0.333333
1342 1178 0.333333
1343 281 0.500000
1344 281 0.500000
1344 1343 0.500000
1345 1225 1.000000
1346 721 1.000000
1347 377 0.500000
1348 377 0.500000
1348 1347 0.500000
1349 362 0.250000
1350 362 0.250000
1350 1349 0.250000
1351 362 0.250000
1351 1349 0.250000
1351 1350 0.250000
1352 362 0.250000
1352 1349 0.250000
1352 1350 0.250000
1352 1351 0.250000
1355 1354 1.000000
1356 523 0.333333
1356 742 0.333333
1356 746 0.333333
1356 931 1.000000
1357 1107 0.333333
1357 1356 1.000000
1358 1107 0.333333
1358 1356 1.000000
1358 1357 2.333330
1359 1356 1.000000
1361 46 1.333330
1361 428 0.333333
1362 46 0.333333
1362 428 0.333333
1362 1361 0.333333
1363 46 1.000000
1364 1286 0.250000
1365 1286 0.250000
1365 1364 0.250000
1366 1286 0.250000
1366 1364 0.250000
1366 1365 0.250000
1367 1286 0.250000
1367 1364 0.250000
1367 1365 0.250000
1367 1366 0.250000
1368 293 0.200000
1368 294 0.200000
1368 931 0.200000
1368 932 0.200000
1369 293 0.200000
1369 294 0.200000
1369 931 0.200000
1369 932 0.200000
1369 1368 0.200000
1371 1370 1.000000
1373 1372 1.000000
1375 1374 0.500000
1376 1374 0.500000
1376 1375 0.500000
1377 1294 0.500000
1378 1294 0.500000
1378 1377 0.500000
1381 76 0.500000
1381 522 0.500000
1384 194 0.500000
1385 194 0.500000
1385 1384 0.500000
1387 1386 1.000000
1389 329 1.500000
1389 547 0.500000
1391 1390 0.500000
1392 1390 0.500000
1392 1391 0.500000
1394 219 0.142857
1394 343 0.142857
1394 697 0.142857
1394 1145 0.142857
1395 219 0.142857
1395 343 0.142857
1395 697 0.142857
1395 1145 0.142857
1395 1394 0.142857
1396 219 0.142857
1396 343 0.142857
1396 697 0.142857
1396 1145 0.142857
1396 1394 0.142857
1396 1395 0.142857
1397 219 0.142857
1397 343 0.142857
1397 697 0.142857
1397 1145 0.142857
1397 1394 0.142857
1397 1395 0.142857
1397 1396 0.142857
1398 314 1.000000
1400 1399 0.250000
1401 1399 0.250000
1401 1400 0.250000
1402 1399 0.250000
1402 1400 0.250000
1402 1401 0.250000
1403 1399 0.250000
1403 1400 0.250000
1403 1401 0.250000
1403 1402 0.250000
1404 327 0.166667
1404 416 0.166667
1405 327 0.166667
1405 416 0.166667
1405 1404 0.166667
1406 327 0.166667
1406 416 0.166667
1406 1404 0.166667
1406 1405 0.166667
1407 327 0.166667
1407 416 0.166667
1407 1404 0.166667
1407 1405 0.166667
1407 1406 0.166667
1408 327 0.166667
1408 416 0.166667
1408 1404 0.166667
1408 1405 0.166667
1408 1406 0.166667
1408 1407 0.166667
1409 496 0.500000
1410 496 0.500000
1410 1409 0.500000
1411 1107 0.333333
1411 1357 0.333333
1411 1358 0.333333
1412 1060 1.000000
1413 186 0.250000
1413 1162 0.250000
1414 186 0.250000
1414 1162 0.250000
1414 1413 0.250000
1415 186 0.250000
1415 1162 0.250000
1415 1413 0.250000
1415 1414 0.250000
1416 303 0.333333
1416 1026 0.333333
1417 303 0.333333
1417 1026 0.333333
1417 1416 0.333333
1418 930 1.000000
1419 1336 1.000000
1421 1420 0.333333
1422 1420 0.333333
1422 1421 0.333333
1423 1420 0.333333
1423 1421 0.333333
1423 1422 0.333333
1424 9 0.500000
1425 9 1.500000
1425 1424 0.500000
1427 1426 0.500000
1428 1426 0.500000
1428 1427 0.500000
1429 645 0.052632
1430 645 0.052632
1430 1429 0.385965
1431 645 0.052632
1431 1429 0.385965
1431 1430 0.385965
1432 645 0.052632
1432 1429 0.052632
1432 1430 0.052632
1432 1431 0.052632
1433 645 0.052632
1433 1429 0.052632
1433 1430 0.052632
1433 1431 0.052632
1433 1432 0.052632
1434 645 0.052632
1434 1429 0.052632
1434 1430 0.052632
1434 1431 0.052632
1434 1432 0.052632
1434 1433 0.052632
1435 645 0.052632
1435 1429 0.052632
1435 1430 0.052632
1435 1431 0.052632
1435 1432 0.052632
1435 1433 0.052632
1435 1434 0.052632
1436 645 0.052632
1436 1429 0.052632
1436 1430 0.052632
1436 1431 0.052632
1436 1432 0.052632
1436 1433 0.052632
1436 1434 0.052632
1436 1435 0.052632
1437 645 0.052632
1437 1429 0.052632
1437 1430 0.052632
1437 1431 0.052632
1437 1432 0.052632
1437 1433 0.052632
1437 1434 0.052632
1437 1435 0.052632
1437 1436 0.052632
1438 645 0.052632
1438 1429 0.052632
1438 1430 0.052632
1438 1431 0.052632
1438 1432 0.052632
1438 1433 0.052632
1438 1434 0.052632
1438 1435 0.052632
1438 1436 0.052632
1438 1437 0.052632
1439 645 0.052632
1439 1429 0.052632
1439 1430 0.052632
1439 1431 0.052632
1439 1432 0.052632
1439 1433 0.052632
1439 1434 0.052632
1439 1435 0.052632
1439 1436 0.052632
1439 1437 0.052632
1439 1438 0.052632
1440 645 0.052632
1440 1429 0.052632
1440 1430 0.052632
1440 1431 0.052632
1440 1432 0.052632
1440 1433 0.052632
1440 1434 0.052632
1440 1435 0.052632
1440 1436 0.052632
1440 1437 0.052632
1440 1438 0.052632
1440 1439 0.052632
1441 645 0.052632
1441 1429 0.052632
1441 1430 0.052632
1441 1431 0.052632
1441 1432 0.052632
1441 1433 0.052632
1441 1434 0.052632
1441 1435 0.052632
1441 1436 0.052632
1441 1437 0.052632
1441 1438 0.052632
1441 1439 0.052632
1441 1440 0.052632
1442 645 0.052632
1442 1429 0.052632
1442 1430 0.052632
1442 1431 0.052632
1442 1432 0.052632
1442 1433 0.052632
1442 1434 0.052632
1442 1435 0.052632
1442 1436 0.052632
1442 1437 0.052632
1442 1438 0.052632
1442 1439 0.052632
1442 1440 0.052632
1442 1441 0.052632
1443 645 0.052632
1443 1429 0.052632
1443 1430 0.052632
1443 1431 0.052632
1443 1432 0.052632
1443 1433 0.052632
1443 1434 0.052632
1443 1435 0.052632
1443 1436 0.052632
1443 1437 0.052632
1443 1438 0.052632
1443 1439 0.052632
1443 1440 0.052632
1443 1441 0.052632
1443 1442 0.052632
1444 645 0.052632
1444 1429 0.052632
1444 1430 0.052632
1444 1431 0.052632
1444 1432 0.052632
1444 1433 0.052632
1444 1434 0.052632
1444 1435 0.052632
1444 1436 0.052632
1444 1437 0.052632
1444 1438 0.052632
1444 1439 0.052632
1444 1440 0.052632
1444 1441 0.052632
1444 1442 0.052632
1444 1443 0.052632
1445 645 0.052632
1445 1429 0.052632
1445 1430 0.052632
1445 1431 0.052632
1445 1432 0.052632
1445 1433 0.052632
1445 1434 0.052632
1445 1435 0.052632
1445 1436 0.052632
1445 1437 0.052632
1445 1438 0.052632
1445 1439 0.052632
1445 1440 0.052632
1445 1441 0.052632
1445 1442 0.052632
1445 1443 0.052632
1445 1444 0.052632
1446 645 0.052632
1446 1429 0.052632
1446 1430 0.052632
1446 1431 0.052632
1446 1432 0.052632
1446 1433 0.052632
1446 1434 0.052632
1446 1435 0.052632
1446 1436 0.052632
1446 1437 0.052632
1446 1438 0.052632
1446 1439 0.052632
1446 1440 0.052632
1446 1441 0.052632
1446 1442 0.052632
1446 1443 0.052632
1446 1444 0.052632
1446 1445 0.052632
1447 645 0.052632
1447 1429 0.052632
1447 1430 0.052632
1447 1431 0.052632
1447 1432 0.052632
1447 1433 0.052632
1447 1434 0.052632
1447 1435 0.052632
1447 1436 0.052632
1447 1437 0.052632
1447 1438 0.052632
1447 1439 0.052632
1447 1440 0.052632
1447 1441 0.052632
1447 1442 0.052632
1447 1443 0.052632
1447 1444 0.052632
1447 1445 0.052632
1447 1446 0.052632
1448 1429 0.333333
1448 1430 0.333333
1448 1431 0.333333
1450 1449 1.000000
1451 281 0.500000
1451 283 0.500000
1452 216 1.000000
1453 1360 1.000000
1454 721 1.000000
1455 482 1.000000
1457 1456 0.333333
1458 1456 0.333333
1458 1457 0.333333
1459 1456 0.333333
1459 1457 0.333333
1459 1458 0.333333
1460 127 0.333333
1460 151 0.333333
1460 517 0.333333
1461 55 0.500000
1461 56 0.500000
1464 294 0.200000
1464 860 0.200000
1465 294 0.200000
1465 860 0.200000
1465 1464 0.200000
1466 294 0.200000
1466 860 0.200000
1466 1464 0.200000
1466 1465 0.200000
1467 294 0.200000
1467 860 0.200000
1467 1464 0.200000
1467 1465 0.200000
1467 1466 0.200000
1468 53 0.250000
1468 1315 0.250000
1469 53 0.250000
1469 1315 0.250000
1469 1468 0.250000
1470 53 0.250000
1470 1315 0.250000
1470 1468 0.250000
1470 1469 0.250000
1472 1471 0.500000
1473 1471 0.500000
1473 1472 0.500000
1475 1474 0.500000
1476 1474 0.500000
1476 1475 0.500000
1477 207 0.500000
1478 207 0.500000
1478 1477 0.500000
1480 1479 1.000000
1481 96 0.500000
1482 96 0.500000
1482 1481 0.500000
1484 1483 0.500000
1485 1483 0.500000
1485 1484 0.500000
1487 1486 1.000000
1488 1142 0.500000
1489 1142 0.500000
1489 1488 0.500000
1492 1491 1.000000
1493 1491 0.250000
1494 1493 1.000000
1496 1495 1.000000
1497 300 1.000000
1498 82 1.000000
1500 239 0.250000
1501 239 0.250000
1501 1500 0.250000
1502 239 0.250000
1502 1500 0.250000
1502 1501 0.250000
1503 239 0.250000
1503 1500 0.250000
1503 1501 0.250000
1503 1502 0.250000
1504 1000 0.500000
1505 1504 0.200000
1506 1504 0.200000
1506 1505 0.200000
1507 1504 0.200000
1507 1505 0.200000
1507 1506 0.200000
1508 1504 0.200000
1508 1505 0.200000
1508 1506 0.200000
1508 1507 0.200000
1509 1504 0.200000
1509 1505 0.200000
1509 1506 0.200000
1509 1507 0.200000
1509 1508 0.200000
1512 1511 0.500000
1513 1511 0.500000
1513 1512 0.500000
1514 1000 0.500000
1514 1504 0.500000
1515 1120 0.333333
1516 1120 0.333333
1516 1515 0.333333
1517 1120 0.333333
1517 1515 0.333333
1517 1516 0.333333
1518 243 0.250000
1518 927 0.250000
1519 243 0.250000
1519 927 0.250000
1519 1518 0.250000
1520 243 0.250000
1520 927 0.250000
1520 1518 0.250000
1520 1519 0.250000
1523 1522 1.000000
1526 1525 1.000000
1529 33 0.500000
1529 54 0.500000
1531 1530 1.000000
1532 9 1.000000
1533 530 0.200000
1533 531 0.200000
1533 532 0.200000
1534 530 0.200000
1534 531 0.200000
1534 532 0.200000
1534 1533 0.200000
1535 530 0.200000
1535 531 0.200000
1535 532 0.200000
1535 1533 0.200000
1535 1534 0.200000
1536 843 1.000000
1538 1537 0.500000
1539 1537 0.500000
1539 1538 0.500000
1540 1491 0.250000
1540 1493 0.250000
1541 1491 0.250000
1541 1493 0.250000
1541 1540 0.250000
1542 1491 0.250000
1542 1493 0.250000
1542 1540 0.250000
1542 1541 0.250000
1544 1543 1.000000
1546 1545 0.333333
1547 1545 0.333333
1547 1546 0.333333
1548 1545 0.333333
1548 1546 0.333333
1548 1547 0.333333
1549 308 1.000000
1550 33 1.333330
1550 34 0.833333
1550 54 0.500000
1551 33 0.333333
1551 34 0.333333
1551 1550 0.333333
1553 294 0.333333
1554 294 0.333333
1554 1553 0.333333
1555 294 0.333333
1555 1553 0.333333
1555 1554 0.333333
1556 676 0.333333
1557 676 0.333333
1557 1556 0.333333
1558 676 0.333333
1558 1556 0.333333
1558 1557 0.333333
1560 219 0.333333
1560 1145 0.333333
1561 219 0.333333
1561 1145 0.333333
1561 1560 0.333333
1562 62 0.142857
1562 63 0.142857
1563 62 0.142857
1563 63 0.142857
1563 1562 0.142857
1564 62 0.142857
1564 63 0.142857
1564 1562 0.142857
1564 1563 0.142857
1565 62 0.142857
1565 63 0.142857
1565 1562 0.142857
1565 1563 0.142857
1565 1564 0.142857
1566 62 0.142857
1566 63 0.142857
1566 1562 0.142857
1566 1563 0.142857
1566 1564 0.142857
1566 1565 0.142857
1567 62 0.142857
1567 63 0.142857
1567 1562 0.142857
1567 1563 0.142857
1567 1564 0.142857
1567 1565 0.142857
1567 1566 0.142857
1569 1568 1.000000
1570 337 0.200000
1570 631 0.200000
1571 337 0.200000
1571 631 0.200000
1571 1570 0.200000
1572 337 0.200000
1572 631 0.200000
1572 1570 0.200000
1572 1571 0.200000
1573 337 0.200000
1573 631 0.200000
1573 1570 0.200000
1573 1571 0.200000
1573 1572 0.200000
1574 631 0.500000
1574 783 0.500000
1576 1575 0.333333
1577 1575 0.333333
1577 1576 0.333333
1578 1575 0.333333
1578 1576 0.333333
1578 1577 0.333333
1579 630 0.500000
1579 631 0.500000
1581 1580 1.000000
1584 1583 1.000000
1586 1585 1.000000
1587 1585 1.000000
1588 76 0.500000
1588 522 0.500000
