点序号	接近中心度	介数中心度
     0	  0.598379	  0.081260
     1	  0.523089	  0.016755
     2	  0.978186	  0.858239
     3	  0.455427	  0.016605
     4	  0.863669	  0.515788
     5	  0.689824	  0.141853
     6	  0.901655	  0.653710
     7	  0.716862	  0.197086
     8	  0.814363	  0.115787
     9	  0.554475	  0.002990
    10	  0.713891	  0.027749
    11	  0.635923	  0.021873
    12	  0.475947	  0.000837
    13	  0.149369	  0.000000
    14	  0.332487	  0.000036
    15	  0.624872	  0.042954
    16	  0.074246	  0.000000
    17	  0.539605	  0.025057
    18	  0.771761	  0.124804
    19	  0.521043	  0.001723
    20	  0.759579	  0.143190
    21	  0.299368	  0.000000
    22	  0.449763	  0.000000
    23	  0.696004	  0.075578
    24	  0.511826	  0.006812
    25	  0.549936	  0.015265
    26	  0.386336	  0.000639
    27	  0.513800	  0.000994
    28	  0.519460	  0.034207
    29	  0.525233	  0.001289
    30	  0.620101	  0.012015
    31	  0.397830	  0.001741
    32	  0.299368	  0.000000
    33	  0.299368	  0.000000
    34	  0.489272	  0.000000
    35	  0.880077	  0.688637
    36	  0.623154	  0.016678
    37	  0.735645	  0.061680
    38	  0.847456	  0.403776
    39	  0.655364	  0.062260
    40	  0.702994	  0.039551
    41	  0.627720	  0.010059
    42	  0.613584	  0.029534
    43	  0.641321	  0.009902
    44	  0.690492	  0.060728
    45	  0.635235	  0.007775
    46	  0.642585	  0.013543
    47	  0.766981	  0.073024
    48	  0.575166	  0.009703
    49	  1.000000	  1.000000
    50	  0.816605	  0.297287
    51	  0.592189	  0.003314
    52	  0.715629	  0.096199
    53	  0.717243	  0.009811
    54	  0.780005	  0.298373
    55	  0.438891	  0.000503
    56	  0.657400	  0.023222
    57	  0.861757	  0.369296
    58	  0.734874	  0.118791
    59	  0.608597	  0.027935
    60	  0.629406	  0.035210
    61	  0.634083	  0.032590
    62	  0.731204	  0.061283
    63	  0.593989	  0.007380
    64	  0.890367	  0.418077
    65	  0.755065	  0.070615
    66	  0.564422	  0.032692
    67	  0.674209	  0.031008
    68	  0.629180	  0.010997
    69	  0.649875	  0.011666
    70	  0.767741	  0.142497
    71	  0.759363	  0.096289
    72	  0.607282	  0.010753
    73	  0.587009	  0.019401
    74	  0.736077	  0.075367
    75	  0.761563	  0.048492
    76	  0.769180	  0.161350
    77	  0.616874	  0.003166
    78	  0.538937	  0.001211
    79	  0.681117	  0.034876
    80	  0.605411	  0.012149
    81	  0.727503	  0.105063
    82	  0.772111	  0.108602
    83	  0.858127	  0.170141
    84	  0.594545	  0.000995
    85	  0.551962	  0.001614
    86	  0.676100	  0.037589
    87	  0.738040	  0.081431
    88	  0.622950	  0.022683
    89	  0.728295	  0.057674
    90	  0.589188	  0.011720
    91	  0.691850	  0.060930
    92	  0.571104	  0.009559
    93	  0.537590	  0.035700
    94	  0.678814	  0.023751
    95	  0.507766	  0.000778
    96	  0.489272	  0.000000
    97	  0.733661	  0.068985
    98	  0.489272	  0.000000
    99	  0.653287	  0.029728
   100	  0.582969	  0.001064
   101	  0.714282	  0.039891
   102	  0.660875	  0.019701
   103	  0.773960	  0.137056
   104	  0.798429	  0.158067
   105	  0.642534	  0.011826
   106	  0.747920	  0.047110
   107	  0.764719	  0.058544
   108	  0.591820	  0.002294
   109	  0.443425	  0.024378
   110	  0.625212	  0.002557
   111	  0.531133	  0.017691
   112	  0.612484	  0.008206
   113	  0.663270	  0.032709
   114	  0.652249	  0.020578
   115	  0.675021	  0.046778
   116	  0.613337	  0.000410
   117	  0.502800	  0.000194
   118	  0.730567	  0.020355
   119	  0.428245	  0.010583
   120	  0.585539	  0.008310
   121	  0.620575	  0.036151
   122	  0.685630	  0.098110
   123	  0.440412	  0.000539
   124	  0.847529	  0.159258
   125	  0.570879	  0.002384
   126	  0.631472	  0.007624
   127	  0.535555	  0.012975
   128	  0.669850	  0.014676
   129	  0.630105	  0.034700
   130	  0.545208	  0.014215
   131	  0.570303	  0.005365
   132	  0.617213	  0.029184
   133	  0.778495	  0.049775
   134	  0.526116	  0.003023
   135	  0.751262	  0.087894
   136	  0.680562	  0.022414
   137	  0.763434	  0.116570
   138	  0.447090	  0.002080
   139	  0.689948	  0.046716
   140	  0.556928	  0.018213
   141	  0.685589	  0.077017
   142	  0.747776	  0.101450
   143	  0.684232	  0.017251
   144	  0.772377	  0.150585
   145	  0.748948	  0.062822
   146	  0.494247	  0.001901
   147	  0.634639	  0.012717
   148	  0.657770	  0.006947
   149	  0.646050	  0.034830
   150	  0.501166	  0.004330
   151	  0.500292	  0.007141
   152	  0.640992	  0.005734
   153	  0.644539	  0.004807
   154	  0.808761	  0.222456
   155	  0.638082	  0.029170
   156	  0.559807	  0.000567
   157	  0.587338	  0.000579
   158	  0.562839	  0.016741
   159	  0.566653	  0.008357
   160	  0.626249	  0.046063
   161	  0.699807	  0.031553
   162	  0.664010	  0.003747
   163	  0.633559	  0.006574
   164	  0.535884	  0.001272
   165	  0.552662	  0.001624
   166	  0.656290	  0.032576
   167	  0.550246	  0.005477
   168	  0.554173	  0.002420
   169	  0.669356	  0.012515
   170	  0.526066	  0.000866
   171	  0.648045	  0.027764
   172	  0.496129	  0.000909
   173	  0.467666	  0.000849
   174	  0.718127	  0.053790
   175	  0.282729	  0.000009
   176	  0.573737	  0.013642
   177	  0.716565	  0.057056
   178	  0.489272	  0.000000
   179	  0.489272	  0.000000
   180	  0.610551	  0.004519
   181	  0.489272	  0.000000
   182	  0.489272	  0.000000
   183	  0.734617	  0.156587
   184	  0.547963	  0.000364
   185	  0.545599	  0.000832
   186	  0.614921	  0.025421
   187	  0.489272	  0.000000
   188	  0.000000	  0.000000
   189	  0.489518	  0.000055
   190	  0.489272	  0.000000
   191	  0.436655	  0.000000
   192	  0.261723	  0.000000
   193	  0.624604	  0.039686
   194	  0.483215	  0.001414
   195	  0.588643	  0.009076
   196	  0.598183	  0.009676
   197	  0.720820	  0.042194
   198	  0.477397	  0.001175
   199	  0.636797	  0.022906
   200	  0.466993	  0.003318
   201	  0.670086	  0.066586
   202	  0.659106	  0.014197
   203	  0.698347	  0.028200
   204	  0.704217	  0.065309
   205	  0.577221	  0.010175
   206	  0.747909	  0.060139
   207	  0.590863	  0.011529
   208	  0.637208	  0.005751
   209	  0.601278	  0.013775
   210	  0.497058	  0.015032
   211	  0.661758	  0.010831
   212	  0.685291	  0.019690
   213	  0.622188	  0.005144
   214	  0.720337	  0.040756
   215	  0.710797	  0.035589
   216	  0.597412	  0.003840
   217	  0.633939	  0.015243
   218	  0.631132	  0.004346
   219	  0.382065	  0.000082
   220	  0.505072	  0.001283
   221	  0.502908	  0.006602
   222	  0.659373	  0.018963
   223	  0.600332	  0.018708
   224	  0.711115	  0.042205
   225	  0.608155	  0.004762
   226	  0.560556	  0.002190
   227	  0.741597	  0.048496
   228	  0.380291	  0.000093
   229	  0.349532	  0.000145
   230	  0.450688	  0.000316
   231	  0.755599	  0.088035
   232	  0.716297	  0.263779
   233	  0.460974	  0.000215
   234	  0.493172	  0.016648
   235	  0.790173	  0.122887
   236	  0.704906	  0.026642
   237	  0.581488	  0.005797
   238	  0.459411	  0.000257
   239	  0.504959	  0.000806
   240	  0.683851	  0.024392
   241	  0.590216	  0.005391
   242	  0.600805	  0.002683
   243	  0.782493	  0.120812
   244	  0.523690	  0.001580
   245	  0.575391	  0.006625
   246	  0.638534	  0.035708
   247	  0.530105	  0.001299
   248	  0.550718	  0.015813
   249	  0.466273	  0.015857
   250	  0.391333	  0.000233
   251	  0.440464	  0.014188
   252	  0.587132	  0.001623
   253	  0.754397	  0.130465
   254	  0.484613	  0.001003
   255	  0.629498	  0.004788
   256	  0.440217	  0.000000
   257	  0.496961	  0.000000
   258	  0.477967	  0.000898
   259	  0.637363	  0.024004
   260	  0.385349	  0.000508
   261	  0.440217	  0.000000
   262	  0.664020	  0.029206
   263	  0.481422	  0.001163
   264	  0.440217	  0.000000
   265	  0.740610	  0.063769
   266	  0.511045	  0.031424
   267	  0.656176	  0.045346
   268	  0.647057	  0.008689
   269	  0.851888	  0.453004
   270	  0.459904	  0.014188
   271	  0.555272	  0.022858
   272	  0.617028	  0.007699
   273	  0.811844	  0.140174
   274	  0.566313	  0.009300
   275	  0.623987	  0.004811
   276	  0.615825	  0.004755
   277	  0.678927	  0.031573
   278	  0.475510	  0.000575
   279	  0.708658	  0.036751
   280	  0.461714	  0.000251
   281	  0.702151	  0.032286
   282	  0.440217	  0.000000
   283	  0.567311	  0.017563
   284	  0.661974	  0.005745
   285	  0.440217	  0.000000
   286	  0.748095	  0.049370
   287	  0.595850	  0.002429
   288	  0.587132	  0.001623
   289	  0.727287	  0.051325
   290	  0.497439	  0.002544
   291	  0.613861	  0.006912
   292	  0.688580	  0.025818
   293	  0.551355	  0.001398
   294	  0.658191	  0.022047
   295	  0.451849	  0.001172
   296	  0.476410	  0.000150
   297	  0.601093	  0.003130
   298	  0.629898	  0.024109
   299	  0.714652	  0.069864
   300	  0.485488	  0.000785
   301	  0.553576	  0.034825
   302	  0.715289	  0.049255
   303	  0.390685	  0.000000
   304	  0.633445	  0.008866
   305	  0.468972	  0.001521
   306	  0.678670	  0.013448
   307	  0.687439	  0.019945
   308	  0.644332	  0.031552
   309	  0.607065	  0.016959
   310	  0.440217	  0.000000
   311	  0.593032	  0.018560
   312	  0.483529	  0.001341
   313	  0.643726	  0.025611
   314	  0.685743	  0.019689
   315	  0.795714	  0.107592
   316	  0.615341	  0.006041
   317	  0.570888	  0.008106
   318	  0.654305	  0.009552
   319	  0.474050	  0.000000
   320	  0.775801	  0.074239
   321	  0.592200	  0.026539
   322	  0.464438	  0.001272
   323	  0.646430	  0.006203
   324	  0.761757	  0.093520
   325	  0.668872	  0.045449
   326	  0.764811	  0.067897
   327	  0.648661	  0.003897
   328	  0.553031	  0.003182
   329	  0.644734	  0.037138
   330	  0.757306	  0.046453
   331	  0.848669	  0.220379
   332	  0.482625	  0.030299
   333	  0.661686	  0.036661
   334	  0.684026	  0.080810
   335	  0.728500	  0.098969
   336	  0.848114	  0.363795
   337	  0.759681	  0.064705
   338	  0.589157	  0.004041
   339	  0.689619	  0.092869
   340	  0.560135	  0.003555
   341	  0.618580	  0.018715
   342	  0.661666	  0.047439
   343	  0.814641	  0.304597
   344	  0.654449	  0.007457
   345	  0.626403	  0.011582
   346	  0.657307	  0.066105
   347	  0.753368	  0.057775
   348	  0.626609	  0.005913
   349	  0.752094	  0.040551
   350	  0.671885	  0.011847
   351	  0.687203	  0.029562
   352	  0.613070	  0.007447
   353	  0.727945	  0.067276
   354	  0.677930	  0.025186
   355	  0.684334	  0.027386
   356	  0.691736	  0.016319
   357	  0.627061	  0.007206
   358	  0.597556	  0.031139
   359	  0.515795	  0.000556
   360	  0.648733	  0.005614
   361	  0.627771	  0.022393
   362	  0.583163	  0.004281
   363	  0.733794	  0.030356
   364	  0.685393	  0.029042
   365	  0.576316	  0.043689
   366	  0.620245	  0.017131
   367	  0.522415	  0.003292
   368	  0.458583	  0.000976
   369	  0.647530	  0.004651
   370	  0.522765	  0.018093
   371	  0.476333	  0.000484
   372	  0.573695	  0.003720
   373	  0.440217	  0.000000
   374	  0.550821	  0.006698
   375	  0.466196	  0.002249
   376	  0.644538	  0.049304
   377	  0.462654	  0.001630
   378	  0.383314	  0.000002
   379	  0.459257	  0.001086
   380	  0.745781	  0.074647
   381	  0.486243	  0.001485
   382	  0.554717	  0.007367
   383	  0.512721	  0.002948
   384	  0.647766	  0.036330
   385	  0.548621	  0.029504
   386	  0.643582	  0.011546
   387	  0.605914	  0.021173
   388	  0.552969	  0.005048
   389	  0.533076	  0.001565
   390	  0.336538	  0.000000
   391	  0.757049	  0.098816
   392	  0.548939	  0.005921
   393	  0.582629	  0.003206
   394	  0.498503	  0.005825
   395	  0.566879	  0.007469
   396	  0.519578	  0.001104
   397	  0.440217	  0.000000
   398	  0.308492	  0.000000
   399	  0.527792	  0.003770
   400	  0.532470	  0.002411
   401	  0.469686	  0.000282
   402	  0.716893	  0.047169
   403	  0.495871	  0.004700
   404	  0.351326	  0.012363
   405	  0.586998	  0.002810
   406	  0.751785	  0.039229
   407	  0.559919	  0.035445
   408	  0.523551	  0.006809
   409	  0.538782	  0.015614
   410	  0.515044	  0.001276
   411	  0.676223	  0.091016
   412	  0.495054	  0.000565
   413	  0.440217	  0.000000
   414	  0.663485	  0.017251
   415	  0.231197	  0.007396
   416	  0.524472	  0.000659
   417	  0.565481	  0.014313
   418	  0.491898	  0.011661
   419	  0.568215	  0.026415
   420	  0.692425	  0.012745
   421	  0.440217	  0.000000
   422	  0.440217	  0.000000
   423	  0.518046	  0.001239
   424	  0.527926	  0.001092
   425	  0.610900	  0.006011
   426	  0.534680	  0.000770
   427	  0.502497	  0.001012
   428	  0.599458	  0.002867
   429	  0.594451	  0.006387
   430	  0.662920	  0.021318
   431	  0.472925	  0.000847
   432	  0.447686	  0.000800
   433	  0.440217	  0.000000
   434	  0.514355	  0.000613
   435	  0.093749	  0.000000
   436	  0.474374	  0.000693
   437	  0.407514	  0.010824
   438	  0.054507	  0.000000
   439	  0.558736	  0.000948
   440	  0.297306	  0.000018
   441	  0.611003	  0.008057
   442	  0.686308	  0.023735
   443	  0.678300	  0.044440
   444	  0.856390	  0.486728
   445	  0.665953	  0.023533
   446	  0.761274	  0.095774
   447	  0.620400	  0.010048
   448	  0.594554	  0.032680
   449	  0.418088	  0.000905
   450	  0.731718	  0.059093
   451	  0.473094	  0.019601
   452	  0.652444	  0.025889
   453	  0.594698	  0.006640
   454	  0.470678	  0.000000
   455	  0.611846	  0.027718
   456	  0.631965	  0.023477
   457	  0.575998	  0.038348
   458	  0.604382	  0.006023
   459	  0.710941	  0.051756
   460	  0.712493	  0.036455
   461	  0.691274	  0.027849
   462	  0.678855	  0.033518
   463	  0.601730	  0.011770
   464	  0.638730	  0.003382
   465	  0.614786	  0.007254
   466	  0.704937	  0.034437
   467	  0.648712	  0.024589
   468	  0.465266	  0.002508
   469	  0.446586	  0.005742
   470	  0.684077	  0.046835
   471	  0.422113	  0.000836
   472	  0.691202	  0.014247
   473	  0.701030	  0.040843
   474	  0.582197	  0.010110
   475	  0.507570	  0.031651
   476	  0.380194	  0.000000
   477	  0.639038	  0.018383
   478	  0.502975	  0.003213
   479	  0.588787	  0.022765
   480	  0.696887	  0.025537
   481	  0.548898	  0.015050
   482	  0.758457	  0.076958
   483	  0.615629	  0.009991
   484	  0.636499	  0.004496
   485	  0.616678	  0.004813
   486	  0.506316	  0.000977
   487	  0.557123	  0.001543
   488	  0.377377	  0.000000
   489	  0.586309	  0.021172
   490	  0.532922	  0.000262
   491	  0.549309	  0.006145
   492	  0.715402	  0.021205
   493	  0.537559	  0.000897
   494	  0.690585	  0.037223
   495	  0.439446	  0.000160
   496	  0.505411	  0.006305
   497	  0.544899	  0.008616
   498	  0.638792	  0.027030
   499	  0.441204	  0.000663
   500	  0.648054	  0.010171
   501	  0.414870	  0.014283
   502	  0.508783	  0.015574
   503	  0.304066	  0.000011
   504	  0.406353	  0.001052
   505	  0.521629	  0.001905
   506	  0.543254	  0.000636
   507	  0.525319	  0.000412
   508	  0.738307	  0.035762
   509	  0.486670	  0.002518
   510	  0.497331	  0.000475
   511	  0.432126	  0.001754
   512	  0.358327	  0.000000
   513	  0.560525	  0.008772
   514	  0.484182	  0.000588
   515	  0.691037	  0.039153
   516	  0.646903	  0.011007
   517	  0.338470	  0.000000
   518	  0.757470	  0.100198
   519	  0.639151	  0.010361
   520	  0.649442	  0.013018
   521	  0.401989	  0.000243
   522	  0.628346	  0.008022
   523	  0.483436	  0.000434
   524	  0.181593	  0.000611
   525	  0.379515	  0.000172
   526	  0.503828	  0.000941
   527	  0.664164	  0.020939
   528	  0.591542	  0.017789
   529	  0.397568	  0.000284
   530	  0.518128	  0.001562
   531	  0.495701	  0.000640
   532	  0.504440	  0.009454
   533	  0.748999	  0.069914
   534	  0.669746	  0.014225
   535	  0.626547	  0.016342
   536	  0.401423	  0.001112
   537	  0.504445	  0.001434
   538	  0.646995	  0.016177
   539	  0.641423	  0.010974
   540	  0.531072	  0.002015
   541	  0.565809	  0.005123
   542	  0.648866	  0.007749
   543	  0.421995	  0.000335
   544	  0.682402	  0.064855
   545	  0.448452	  0.000810
   546	  0.637743	  0.019190
   547	  0.664668	  0.033502
   548	  0.112431	  0.000000
   549	  0.178849	  0.000000
   550	  0.525921	  0.000000
   551	  0.665470	  0.010726
   552	  0.540766	  0.003168
   553	  0.358327	  0.000000
   554	  0.470175	  0.002303
   555	  0.358327	  0.000000
   556	  0.730350	  0.035455
   557	  0.529673	  0.009894
   558	  0.528162	  0.001121
   559	  0.510387	  0.000000
   560	  0.312085	  0.000022
   561	  0.358327	  0.000000
   562	  0.591573	  0.013976
   563	  0.513029	  0.000364
   564	  0.358327	  0.000000
   565	  0.410018	  0.000473
   566	  0.358327	  0.000000
   567	  0.437857	  0.000000
   568	  0.271091	  0.000000
   569	  0.215136	  0.000015
   570	  0.079119	  0.000000
   571	  0.376971	  0.009759
   572	  0.687645	  0.130358
   573	  0.730412	  0.104036
   574	  0.571351	  0.019881
   575	  0.596631	  0.029636
   576	  0.215733	  0.000000
   577	  0.375537	  0.001398
   578	  0.368001	  0.000000
   579	  0.566098	  0.004370
   580	  0.541465	  0.002500
   581	  0.549083	  0.002136
   582	  0.660278	  0.035319
   583	  0.476955	  0.000142
   584	  0.481360	  0.000316
   585	  0.789248	  0.072952
   586	  0.631266	  0.034658
   587	  0.527473	  0.001843
   588	  0.521655	  0.011800
   589	  0.642760	  0.010553
   590	  0.490762	  0.000601
   591	  0.526610	  0.000443
   592	  0.416022	  0.000709
   593	  0.427834	  0.016281
   594	  0.378688	  0.008676
   595	  0.621798	  0.022951
   596	  0.300154	  0.000002
   597	  0.375835	  0.000000
   598	  0.973866	  0.776080
   599	  0.445013	  0.000560
   600	  0.583225	  0.018384
   601	  0.843992	  0.279042
   602	  0.548199	  0.006272
   603	  0.427423	  0.015118
   604	  0.618518	  0.033998
   605	  0.466941	  0.007932
   606	  0.309438	  0.000000
   607	  0.647982	  0.017422
   608	  0.702593	  0.030082
   609	  0.650182	  0.007845
   610	  0.462346	  0.000812
   611	  0.535179	  0.029594
   612	  0.567465	  0.006122
   613	  0.027720	  0.000000
   614	  0.414315	  0.000687
   615	  0.578630	  0.001179
   616	  0.689732	  0.033113
   617	  0.432013	  0.000000
   618	  0.517054	  0.003532
   619	  0.215692	  0.000000
   620	  0.626619	  0.010763
   621	  0.443980	  0.000761
   622	  0.509380	  0.001180
   623	  0.459082	  0.000760
   624	  0.564967	  0.001245
   625	  0.769149	  0.073810
   626	  0.543614	  0.024586
   627	  0.607585	  0.013563
   628	  0.706787	  0.053389
   629	  0.660422	  0.019861
   630	  0.784488	  0.113162
   631	  0.686452	  0.059529
   632	  0.692590	  0.080978
   633	  0.586813	  0.009994
   634	  0.542956	  0.032257
   635	  0.867873	  0.546453
   636	  0.620379	  0.023075
   637	  0.670826	  0.035973
   638	  0.651663	  0.058127
   639	  0.647515	  0.010421
   640	  0.836497	  0.353131
   641	  0.636704	  0.025640
   642	  0.467758	  0.001004
   643	  0.611229	  0.005164
   644	  0.652393	  0.019354
   645	  0.782668	  0.076642
   646	  0.432378	  0.000625
   647	  0.552362	  0.002402
   648	  0.543675	  0.007229
   649	  0.575268	  0.003233
   650	  0.687120	  0.056256
   651	  0.710930	  0.043334
   652	  0.663177	  0.010872
   653	  0.573797	  0.016276
   654	  0.529221	  0.001207
   655	  0.421172	  0.000759
   656	  0.395409	  0.010702
   657	  0.700434	  0.040888
   658	  0.625560	  0.009509
   659	  0.459997	  0.000857
   660	  0.541794	  0.001571
   661	  0.485390	  0.001068
   662	  0.649833	  0.011259
   663	  0.482018	  0.000000
   664	  0.563764	  0.002011
   665	  0.600527	  0.006109
   666	  0.561091	  0.003666
   667	  0.362321	  0.080966
   668	  0.656608	  0.014522
   669	  0.544755	  0.004489
   670	  0.432013	  0.000000
   671	  0.777158	  0.300579
   672	  0.614508	  0.035113
   673	  0.650367	  0.025678
   674	  0.599643	  0.005391
   675	  0.447968	  0.000351
   676	  0.517655	  0.000018
   677	  0.530321	  0.001095
   678	  0.432013	  0.000000
   679	  0.509169	  0.000463
   680	  0.430980	  0.000924
   681	  0.444041	  0.000899
   682	  0.509169	  0.000463
   683	  0.432013	  0.000000
   684	  0.432013	  0.000000
   685	  0.432013	  0.000000
   686	  0.432013	  0.000000
   687	  0.437647	  0.009830
   688	  0.397640	  0.000061
   689	  0.504512	  0.000570
   690	  0.575484	  0.018065
   691	  0.544308	  0.015405
   692	  0.547603	  0.000968
   693	  0.606336	  0.005447
   694	  0.709121	  0.031304
   695	  0.412953	  0.000109
   696	  0.733650	  0.083561
   697	  0.345091	  0.000000
   698	  0.662560	  0.021125
   699	  0.381052	  0.000388
   700	  0.429186	  0.000524
   701	  0.467856	  0.000000
   702	  0.491486	  0.002456
   703	  0.550851	  0.001663
   704	  0.233048	  0.000000
   705	  0.459853	  0.000750
   706	  0.345091	  0.000000
   707	  0.481746	  0.001429
   708	  0.554316	  0.000661
   709	  0.378466	  0.000000
   710	  0.475094	  0.001224
   711	  0.452641	  0.000606
   712	  0.640642	  0.021785
   713	  0.535390	  0.001100
   714	  0.600671	  0.011154
   715	  0.573078	  0.016195
   716	  0.581632	  0.008952
   717	  0.619094	  0.021309
   718	  0.918464	  0.962823
   719	  0.496724	  0.001460
   720	  0.481159	  0.000605
   721	  0.509893	  0.002538
   722	  0.401896	  0.000186
   723	  0.477397	  0.022860
   724	  0.789073	  0.139185
   725	  0.546929	  0.024694
   726	  0.425742	  0.001118
   727	  0.345091	  0.000000
   728	  0.423511	  0.004581
   729	  0.493362	  0.012681
   730	  0.649504	  0.165657
   731	  0.620081	  0.034668
   732	  0.627010	  0.005731
   733	  0.460845	  0.029934
   734	  0.448889	  0.000133
   735	  0.756576	  0.077428
   736	  0.539101	  0.000738
   737	  0.459930	  0.000000
   738	  0.407242	  0.000504
   739	  0.484326	  0.004996
   740	  0.423907	  0.000000
   741	  0.585312	  0.025420
   742	  0.342058	  0.000002
   743	  0.554830	  0.000976
   744	  0.550512	  0.002091
   745	  0.547705	  0.007423
   746	  0.494359	  0.001219
   747	  0.734894	  0.104112
   748	  0.342906	  0.000007
   749	  0.467866	  0.001487
   750	  0.436613	  0.000603
   751	  0.532613	  0.001511
   752	  0.445835	  0.000441
   753	  0.501638	  0.002861
   754	  0.624378	  0.004519
   755	  0.392155	  0.000097
   756	  0.617459	  0.004811
   757	  0.521840	  0.000846
   758	  0.552599	  0.001790
   759	  0.628377	  0.033175
   760	  0.639716	  0.025207
   761	  0.611404	  0.005263
   762	  0.563538	  0.025950
   763	  0.582608	  0.001518
   764	  0.389945	  0.000002
   765	  0.596795	  0.008059
   766	  0.559333	  0.021138
   767	  0.425798	  0.000003
   768	  0.489558	  0.000563
   769	  0.592262	  0.027907
   770	  0.667762	  0.021212
   771	  0.649730	  0.023115
   772	  0.639892	  0.021014
   773	  0.674671	  0.061315
   774	  0.519866	  0.016452
   775	  0.297507	  0.001637
   776	  0.457175	  0.001510
   777	  0.561913	  0.001700
   778	  0.647766	  0.014163
   779	  0.668626	  0.005559
   780	  0.689629	  0.040068
   781	  0.452960	  0.002094
   782	  0.610427	  0.003058
   783	  0.777209	  0.044430
   784	  0.744548	  0.089992
   785	  0.629817	  0.041841
   786	  0.662272	  0.039871
   787	  0.665377	  0.010398
   788	  0.425819	  0.000152
   789	  0.423907	  0.000000
   790	  0.520143	  0.000728
   791	  0.484007	  0.000288
   792	  0.423907	  0.000000
   793	  0.775718	  0.098499
   794	  0.574980	  0.004291
   795	  0.745422	  0.101448
   796	  0.721036	  0.040487
   797	  0.638432	  0.007198
   798	  0.630248	  0.011279
   799	  0.603416	  0.006502
   800	  0.557647	  0.007570
   801	  0.597052	  0.005288
   802	  0.679276	  0.017754
   803	  0.358605	  0.001501
   804	  0.510500	  0.002032
   805	  0.587656	  0.002841
   806	  0.617151	  0.016374
   807	  0.541774	  0.001246
   808	  0.669284	  0.003499
   809	  0.599468	  0.019240
   810	  0.594040	  0.078579
   811	  0.476852	  0.000615
   812	  0.579123	  0.032072
   813	  0.593043	  0.004365
   814	  0.608988	  0.013916
   815	  0.474487	  0.000400
   816	  0.452158	  0.000017
   817	  0.576275	  0.017916
   818	  0.593845	  0.014332
   819	  0.545320	  0.005104
   820	  0.611003	  0.018376
   821	  0.573921	  0.001965
   822	  0.636848	  0.010536
   823	  0.608721	  0.005761
   824	  0.465214	  0.006171
   825	  0.484552	  0.000920
   826	  0.451006	  0.000000
   827	  0.451006	  0.000000
   828	  0.504651	  0.001272
   829	  0.451006	  0.000000
   830	  0.451006	  0.000000
   831	  0.554347	  0.000343
   832	  0.577272	  0.017903
   833	  0.544148	  0.001564
   834	  0.451171	  0.000000
   835	  0.458614	  0.014203
   836	  0.499665	  0.001078
   837	  0.505236	  0.000732
   838	  0.451006	  0.000000
   839	  0.553257	  0.030013
   840	  0.641053	  0.008093
   841	  0.512762	  0.000695
   842	  0.451006	  0.000000
   843	  0.451006	  0.000000
   844	  0.225188	  0.000000
   845	  0.481355	  0.000700
   846	  0.556578	  0.019519
   847	  0.451006	  0.000000
   848	  0.460814	  0.003824
   849	  0.624388	  0.049402
   850	  0.451006	  0.000000
   851	  0.606829	  0.009282
   852	  0.398344	  0.000323
   853	  0.451006	  0.000000
   854	  0.526640	  0.001237
   855	  0.511785	  0.000914
   856	  0.622034	  0.008384
   857	  0.527545	  0.001838
   858	  0.451006	  0.000000
   859	  0.451006	  0.000000
   860	  0.370324	  0.007195
   861	  0.484336	  0.000990
   862	  0.358609	  0.000000
   863	  0.449454	  0.002890
   864	  0.682494	  0.047612
   865	  0.565594	  0.007069
   866	  0.417070	  0.000282
   867	  0.673005	  0.135150
   868	  0.494976	  0.001248
   869	  0.293359	  0.000075
   870	  0.432527	  0.000000
   871	  0.542925	  0.007313
   872	  0.478810	  0.003433
   873	  0.649329	  0.019363
   874	  0.407767	  0.000443
   875	  0.499680	  0.003228
   876	  0.452985	  0.000414
   877	  0.555148	  0.032173
   878	  0.360090	  0.028361
   879	  0.358609	  0.000000
   880	  0.358609	  0.000000
   881	  0.358609	  0.000000
   882	  0.371645	  0.001756
   883	  0.485046	  0.001351
   884	  0.441379	  0.002669
   885	  0.610643	  0.023404
   886	  0.571567	  0.026713
   887	  0.505277	  0.014688
   888	  0.588519	  0.022430
   889	  0.675699	  0.035939
   890	  0.575957	  0.010954
   891	  0.596703	  0.005613
   892	  0.425629	  0.000018
   893	  0.553761	  0.012989
   894	  0.604063	  0.009112
   895	  0.506316	  0.000683
   896	  0.580275	  0.001546
   897	  0.505889	  0.000558
   898	  0.376462	  0.000332
   899	  0.543639	  0.004234
   900	  0.559569	  0.033970
   901	  0.345589	  0.000250
   902	  0.657307	  0.056911
   903	  0.491677	  0.003161
   904	  0.893308	  0.415328
   905	  0.515394	  0.003048
   906	  0.488942	  0.017990
   907	  0.560505	  0.004787
   908	  0.464577	  0.003676
   909	  0.499531	  0.003519
   910	  0.522652	  0.004699
   911	  0.441857	  0.000092
   912	  0.399660	  0.014575
   913	  0.590709	  0.006443
   914	  0.344001	  0.000000
   915	  0.486896	  0.001462
   916	  0.359586	  0.000042
   917	  0.588119	  0.019225
   918	  0.394838	  0.000594
   919	  0.560125	  0.018612
   920	  0.617449	  0.028570
   921	  0.431679	  0.000243
   922	  0.377475	  0.000551
   923	  0.525828	  0.002249
   924	  0.288316	  0.000000
   925	  0.749410	  0.055327
   926	  0.605215	  0.013863
   927	  0.294716	  0.000005
   928	  0.344001	  0.000000
   929	  0.344001	  0.000000
   930	  0.541044	  0.001958
   931	  0.366089	  0.000072
   932	  0.344001	  0.000000
   933	  0.185055	  0.000000
   934	  0.281845	  0.000014
   935	  0.685630	  0.054498
   936	  0.200769	  0.000000
   937	  0.522004	  0.002312
   938	  0.255701	  0.000000
   939	  0.255701	  0.000000
   940	  0.476446	  0.031541
   941	  0.571063	  0.007215
   942	  0.576162	  0.029852
   943	  0.586319	  0.005209
   944	  0.524883	  0.018001
   945	  0.163818	  0.000000
   946	  0.819719	  0.278097
   947	  0.368099	  0.000273
   948	  0.418350	  0.000162
   949	  0.595716	  0.005292
   950	  0.623103	  0.024288
   951	  0.539188	  0.001278
   952	  0.544807	  0.004156
   953	  0.665141	  0.078078
   954	  0.450693	  0.000496
   955	  0.182377	  0.000000
   956	  0.664668	  0.008928
   957	  0.628161	  0.023064
   958	  0.586623	  0.004772
   959	  0.681548	  0.015503
   960	  0.479612	  0.016775
   961	  0.625180	  0.017075
   962	  0.679091	  0.147067
   963	  0.486988	  0.002134
   964	  0.427382	  0.000405
   965	  0.571043	  0.002454
   966	  0.573345	  0.007789
   967	  0.567825	  0.013417
   968	  0.365385	  0.000000
   969	  0.441009	  0.000488
   970	  0.554594	  0.001831
   971	  0.643449	  0.011707
   972	  0.638421	  0.008588
   973	  0.435375	  0.000542
   974	  0.426122	  0.000000
   975	  0.582778	  0.002562
   976	  0.534896	  0.001942
   977	  0.678567	  0.026136
   978	  0.695746	  0.050901
   979	  0.561687	  0.002456
   980	  0.528121	  0.001493
   981	  0.436351	  0.000000
   982	  0.533899	  0.003453
   983	  0.493959	  0.002474
   984	  0.596045	  0.002722
   985	  0.489877	  0.001061
   986	  0.514653	  0.001637
   987	  0.558613	  0.000786
   988	  0.643037	  0.014938
   989	  0.555190	  0.014617
   990	  0.286008	  0.000065
   991	  0.508064	  0.000326
   992	  0.545881	  0.032432
   993	  0.461590	  0.000502
   994	  0.501407	  0.003061
   995	  0.426122	  0.000000
   996	  0.212746	  0.000000
   997	  0.426122	  0.000000
   998	  0.212746	  0.000000
   999	  0.589219	  0.012079
  1000	  0.575648	  0.004644
  1001	  0.669458	  0.024460
  1002	  0.491255	  0.000787
  1003	  0.568678	  0.004938
  1004	  0.643243	  0.023825
  1005	  0.445121	  0.000054
  1006	  0.560495	  0.005577
  1007	  0.531483	  0.001854
  1008	  0.713819	  0.078281
  1009	  0.694841	  0.014260
  1010	  0.628079	  0.035997
  1011	  0.613244	  0.004576
  1012	  0.355911	  0.000001
  1013	  0.351963	  0.000652
  1014	  0.546153	  0.008849
  1015	  0.472482	  0.000407
  1016	  0.595109	  0.005627
  1017	  0.511374	  0.000869
  1018	  0.377546	  0.001825
  1019	  0.251604	  0.000377
  1020	  0.569757	  0.014891
  1021	  0.550677	  0.000571
  1022	  0.377552	  0.000000
  1023	  0.431833	  0.001045
  1024	  0.173981	  0.000000
  1025	  0.618415	  0.019668
  1026	  0.461549	  0.000000
  1027	  0.627154	  0.015263
  1028	  0.525006	  0.008501
  1029	  0.463811	  0.000085
  1030	  0.552275	  0.021226
  1031	  0.362634	  0.000063
  1032	  0.114750	  0.000000
  1033	  0.468982	  0.003506
  1034	  0.432054	  0.002395
  1035	  0.570929	  0.005681
  1036	  0.584428	  0.004121
  1037	  0.572718	  0.002603
  1038	  0.526332	  0.001650
  1039	  0.384656	  0.014188
  1040	  0.496436	  0.000625
  1041	  0.491131	  0.017503
  1042	  0.634710	  0.014947
  1043	  0.375768	  0.000365
  1044	  0.114986	  0.000000
  1045	  0.502317	  0.009347
  1046	  0.230601	  0.000000
  1047	  0.511276	  0.001709
  1048	  0.434501	  0.000223
  1049	  0.504250	  0.000517
  1050	  0.452024	  0.000376
  1051	  0.487605	  0.021434
  1052	  0.502563	  0.000944
  1053	  0.485477	  0.001812
  1054	  0.389035	  0.000130
  1055	  0.338162	  0.001010
  1056	  0.336681	  0.000000
  1057	  0.338820	  0.004818
  1058	  0.336681	  0.000000
  1059	  0.077152	  0.000000
  1060	  0.465965	  0.023980
  1061	  0.435925	  0.001401
  1062	  0.339328	  0.000000
  1063	  0.448251	  0.000885
  1064	  0.533050	  0.000561
  1065	  0.632047	  0.029531
  1066	  0.678392	  0.025392
  1067	  0.593290	  0.007685
  1068	  0.439168	  0.000073
  1069	  0.739860	  0.109816
  1070	  0.392289	  0.014188
  1071	  0.519054	  0.000218
  1072	  0.376508	  0.000561
  1073	  0.377737	  0.000060
  1074	  0.471897	  0.001229
  1075	  0.101244	  0.000000
  1076	  0.473809	  0.002480
  1077	  0.437025	  0.000431
  1078	  0.603879	  0.017336
  1079	  0.475572	  0.000271
  1080	  0.431581	  0.000000
  1081	  0.511744	  0.000723
  1082	  0.500122	  0.000398
  1083	  0.516915	  0.001253
  1084	  0.551623	  0.000910
  1085	  0.599741	  0.004411
  1086	  0.651467	  0.004275
  1087	  0.460254	  0.001472
  1088	  0.675431	  0.025154
  1089	  0.609266	  0.022070
  1090	  0.535770	  0.017800
  1091	  0.548816	  0.002088
  1092	  0.504188	  0.024904
  1093	  0.661707	  0.003034
  1094	  0.434115	  0.000000
  1095	  0.487168	  0.000211
  1096	  0.487168	  0.000211
  1097	  0.488566	  0.000212
  1098	  0.489044	  0.001262
  1099	  0.428374	  0.000000
  1100	  0.281588	  0.000009
  1101	  0.330359	  0.014188
  1102	  0.526476	  0.000531
  1103	  0.289966	  0.014023
  1104	  0.621726	  0.043017
  1105	  0.483072	  0.001241
  1106	  0.346432	  0.000221
  1107	  0.610695	  0.018344
  1108	  0.500179	  0.000000
  1109	  0.616555	  0.006479
  1110	  0.615578	  0.013053
  1111	  0.586206	  0.015593
  1112	  0.620595	  0.080240
  1113	  0.574517	  0.000678
  1114	  0.320895	  0.014920
  1115	  0.623165	  0.005026
  1116	  0.625684	  0.004301
  1117	  0.655343	  0.014792
  1118	  0.598368	  0.029385
  1119	  0.030401	  0.000000
  1120	  0.678156	  0.007876
  1121	  0.500179	  0.000000
  1122	  0.523577	  0.000934
  1123	  0.619043	  0.014852
  1124	  0.591501	  0.005508
  1125	  0.533858	  0.000279
  1126	  0.501166	  0.000000
  1127	  0.557380	  0.001192
  1128	  0.514078	  0.000895
  1129	  0.519547	  0.000295
  1130	  0.249774	  0.000000
  1131	  0.547017	  0.000000
  1132	  0.500179	  0.000000
  1133	  0.516710	  0.000177
  1134	  0.500672	  0.014188
  1135	  0.538669	  0.002444
  1136	  0.500179	  0.000000
  1137	  0.249774	  0.000000
  1138	  0.557822	  0.000000
  1139	  0.500179	  0.000000
  1140	  0.500179	  0.000000
  1141	  0.500179	  0.000000
  1142	  0.507046	  0.001116
  1143	  0.526158	  0.001991
  1144	  0.625931	  0.029284
  1145	  0.295215	  0.000014
  1146	  0.483863	  0.000622
  1147	  0.624748	  0.012549
  1148	  0.511981	  0.000211
  1149	  0.646708	  0.013857
  1150	  0.462068	  0.002003
  1151	  0.535749	  0.000500
  1152	  0.335309	  0.000019
  1153	  0.714816	  0.044182
  1154	  0.161623	  0.000000
  1155	  0.586669	  0.043617
  1156	  0.711989	  0.089874
  1157	  0.349841	  0.000594
  1158	  0.386449	  0.000712
  1159	  0.584623	  0.003254
  1160	  0.537558	  0.003382
  1161	  0.493126	  0.000517
  1162	  0.380816	  0.000000
  1163	  0.454070	  0.000117
  1164	  0.627390	  0.018572
  1165	  0.602069	  0.006532
  1166	  0.278643	  0.000000
  1167	  0.543172	  0.000117
  1168	  0.333998	  0.000069
  1169	  0.532686	  0.002055
  1170	  0.400616	  0.000229
  1171	  0.342860	  0.000069
  1172	  0.362593	  0.000231
  1173	  0.468298	  0.001144
  1174	  0.318140	  0.000000
  1175	  0.199438	  0.000000
  1176	  0.568380	  0.006673
  1177	  0.550399	  0.000751
  1178	  0.486279	  0.001982
  1179	  0.354508	  0.000000
  1180	  0.286887	  0.000000
  1181	  0.557781	  0.009871
  1182	  0.532182	  0.003179
  1183	  0.300663	  0.000002
  1184	  0.614221	  0.110723
  1185	  0.526137	  0.007010
  1186	  0.516699	  0.001129
  1187	  0.476533	  0.005438
  1188	  0.408481	  0.000000
  1189	  0.545639	  0.002186
  1190	  0.411853	  0.000205
  1191	  0.456291	  0.000862
  1192	  0.408481	  0.000000
  1193	  0.511487	  0.000684
  1194	  0.409632	  0.000008
  1195	  0.314578	  0.000000
  1196	  0.570816	  0.002667
  1197	  0.521233	  0.016651
  1198	  0.408481	  0.000000
  1199	  0.408481	  0.000000
  1200	  0.445743	  0.000723
  1201	  0.390330	  0.000214
  1202	  0.408481	  0.000000
  1203	  0.508280	  0.021641
  1204	  0.499202	  0.021783
  1205	  0.404065	  0.013662
  1206	  0.408481	  0.000000
  1207	  0.485107	  0.001522
  1208	  0.620451	  0.018603
  1209	  0.513893	  0.001617
  1210	  0.471994	  0.000000
  1211	  0.509082	  0.014786
  1212	  0.283834	  0.000000
  1213	  0.652506	  0.099027
  1214	  0.557071	  0.015851
  1215	  0.278714	  0.000000
  1216	  0.402189	  0.001690
  1217	  0.246765	  0.000000
  1218	  0.357993	  0.000000
  1219	  0.357993	  0.000000
  1220	  0.357993	  0.000000
  1221	  0.357993	  0.000000
  1222	  0.479329	  0.014606
  1223	  0.390181	  0.000000
  1224	  0.390181	  0.000000
  1225	  0.390181	  0.000000
  1226	  0.559626	  0.001796
  1227	  0.390181	  0.000000
  1228	  0.390181	  0.000000
  1229	  0.565845	  0.003415
  1230	  0.567927	  0.010544
  1231	  0.639943	  0.017785
  1232	  0.559605	  0.006610
  1233	  0.424236	  0.000000
  1234	  0.509447	  0.002075
  1235	  0.198477	  0.000000
  1236	  0.390181	  0.000000
  1237	  0.443018	  0.000099
  1238	  0.146102	  0.000000
  1239	  0.363051	  0.000097
  1240	  0.427032	  0.006045
  1241	  0.294500	  0.014188
  1242	  0.147429	  0.000000
  1243	  0.491147	  0.000652
  1244	  0.613635	  0.007322
  1245	  0.513944	  0.016196
  1246	  0.425891	  0.000254
  1247	  0.500600	  0.000451
  1248	  0.333654	  0.000130
  1249	  0.332749	  0.000000
  1250	  0.215214	  0.000000
  1251	  0.431057	  0.000000
  1252	  0.619669	  0.023087
  1253	  0.666570	  0.028247
  1254	  0.521546	  0.000000
  1255	  0.474276	  0.013009
  1256	  0.402605	  0.000450
  1257	  0.481077	  0.011247
  1258	  0.431057	  0.000000
  1259	  0.591357	  0.004042
  1260	  0.431057	  0.000000
  1261	  0.431057	  0.000000
  1262	  0.431057	  0.000000
  1263	  0.580089	  0.009185
  1264	  0.295662	  0.000186
  1265	  0.367616	  0.000000
  1266	  0.510202	  0.014524
  1267	  0.185056	  0.000000
  1268	  0.416387	  0.000170
  1269	  0.542216	  0.003203
  1270	  0.198539	  0.000000
  1271	  0.500353	  0.003118
  1272	  0.522282	  0.003708
  1273	  0.499084	  0.005122
  1274	  0.347476	  0.000000
  1275	  0.373671	  0.000104
  1276	  0.600137	  0.004381
  1277	  0.411904	  0.000137
  1278	  0.477427	  0.000272
  1279	  0.596055	  0.008128
  1280	  0.391281	  0.000243
  1281	  0.528131	  0.002188
  1282	  0.508953	  0.003754
  1283	  0.404075	  0.000313
  1284	  0.312614	  0.000000
  1285	  0.312614	  0.000000
  1286	  0.809491	  0.227272
  1287	  0.455216	  0.000310
  1288	  0.524235	  0.000897
  1289	  0.584890	  0.019419
  1290	  0.368500	  0.000000
  1291	  0.448703	  0.001043
  1292	  0.401886	  0.000189
  1293	  0.412377	  0.000158
  1294	  0.488530	  0.002745
  1295	  0.518457	  0.002295
  1296	  0.461796	  0.000000
  1297	  0.377824	  0.000087
  1298	  0.493218	  0.000234
  1299	  0.264028	  0.000010
  1300	  0.314882	  0.000000
  1301	  0.330246	  0.000049
  1302	  0.437457	  0.000244
  1303	  0.000357	  0.000000
  1304	  0.000357	  0.000000
  1305	  0.490417	  0.001683
  1306	  0.539748	  0.046601
  1307	  0.317220	  0.000000
  1308	  0.513019	  0.003994
  1309	  0.410891	  0.015931
  1310	  0.369646	  0.042533
  1311	  0.334743	  0.000000
  1312	  0.580388	  0.003184
  1313	  0.467054	  0.000739
  1314	  0.450009	  0.000005
  1315	  0.278570	  0.000008
  1316	  0.499849	  0.000263
  1317	  0.487214	  0.000156
  1318	  0.608145	  0.008993
  1319	  0.424004	  0.000151
  1320	  0.495388	  0.001546
  1321	  0.308754	  0.000000
  1322	  0.482126	  0.001010
  1323	  0.543820	  0.001493
  1324	  0.449351	  0.014188
  1325	  0.450981	  0.000295
  1326	  0.445362	  0.000000
  1327	  0.445362	  0.000000
  1328	  0.504650	  0.000000
  1329	  0.445897	  0.000984
  1330	  0.395265	  0.000000
  1331	  0.566190	  0.012073
  1332	  0.192673	  0.000563
  1333	  0.093832	  0.000000
  1334	  0.504126	  0.001626
  1335	  0.381916	  0.000057
  1336	  0.561790	  0.004613
  1337	  0.282390	  0.000000
  1338	  0.282390	  0.000000
  1339	  0.316177	  0.000160
  1340	  0.357504	  0.000000
  1341	  0.464165	  0.000667
  1342	  0.404862	  0.000070
  1343	  0.245225	  0.000000
  1344	  0.435966	  0.000022
  1345	  0.456044	  0.000121
  1346	  0.338526	  0.000037
  1347	  0.512125	  0.001675
  1348	  0.505036	  0.000653
  1349	  0.437816	  0.002829
  1350	  0.559076	  0.003482
  1351	  0.410038	  0.000000
  1352	  0.411025	  0.000570
  1353	  0.404924	  0.000000
  1354	  0.500317	  0.012662
  1355	  0.532439	  0.003268
  1356	  0.410449	  0.000000
  1357	  0.410038	  0.000000
  1358	  0.410038	  0.000000
  1359	  0.410038	  0.000000
  1360	  0.410038	  0.000000
  1361	  0.351254	  0.000000
  1362	  0.546667	  0.015399
  1363	  0.430887	  0.000182
  1364	  0.522395	  0.004062
  1365	  0.475999	  0.001704
  1366	  0.497886	  0.000495
  1367	  0.582659	  0.009002
  1368	  0.488068	  0.000288
  1369	  0.458141	  0.014721
  1370	  0.549001	  0.004148
  1371	  0.237186	  0.000443
  1372	  0.403135	  0.000076
  1373	  0.502872	  0.000775
  1374	  0.627216	  0.030112
  1375	  0.523649	  0.001650
  1376	  0.446766	  0.000812
  1377	  0.337283	  0.000000
  1378	  0.343400	  0.014436
  1379	  0.396242	  0.000080
  1380	  0.411262	  0.000074
  1381	  0.549330	  0.021178
  1382	  0.346083	  0.000120
  1383	  0.603138	  0.028714
  1384	  0.135678	  0.000000
  1385	  0.417044	  0.000191
  1386	  0.553000	  0.006274
  1387	  0.357823	  0.000000
  1388	  0.419944	  0.000105
  1389	  0.238458	  0.000000
  1390	  0.399773	  0.000062
  1391	  0.388331	  0.014209
  1392	  0.491923	  0.000538
  1393	  0.164196	  0.000000
  1394	  0.236726	  0.000000
  1395	  0.386059	  0.000000
  1396	  0.434254	  0.000704
  1397	  0.457781	  0.001523
  1398	  0.480039	  0.001574
  1399	  0.505751	  0.004259
  1400	  0.598929	  0.008458
  1401	  0.519352	  0.002830
  1402	  0.372889	  0.000000
  1403	  0.187199	  0.000000
  1404	  0.520956	  0.001512
  1405	  0.647273	  0.024498
  1406	  0.400277	  0.000401
  1407	  0.384049	  0.000000
  1408	  0.431874	  0.000701
  1409	  0.576070	  0.007145
  1410	  0.293729	  0.000002
  1411	  0.328832	  0.000000
  1412	  0.505432	  0.008756
  1413	  0.469018	  0.000466
  1414	  0.322715	  0.000000
  1415	  0.379860	  0.000000
  1416	  0.452687	  0.000184
  1417	  0.434630	  0.016976
  1418	  0.336604	  0.000032
  1419	  0.346741	  0.000370
  1420	  0.445563	  0.000058
  1421	  0.404924	  0.000000
  1422	  0.414259	  0.000000
  1423	  0.100635	  0.000000
  1424	  0.404924	  0.000000
  1425	  0.490248	  0.000893
  1426	  0.449377	  0.001124
  1427	  0.379968	  0.000000
  1428	  0.379968	  0.000000
  1429	  0.497763	  0.000488
  1430	  0.562284	  0.019278
  1431	  0.379968	  0.000000
  1432	  0.340372	  0.000000
  1433	  0.383699	  0.000027
  1434	  0.094396	  0.000000
  1435	  0.379968	  0.000000
  1436	  0.094396	  0.000000
  1437	  0.273648	  0.000016
  1438	  0.419059	  0.000360
  1439	  0.246860	  0.000000
  1440	  0.550368	  0.003007
  1441	  0.499505	  0.003216
  1442	  0.447089	  0.000054
  1443	  0.452353	  0.003461
  1444	  0.157776	  0.000000
  1445	  0.537518	  0.010098
  1446	  0.556773	  0.003329
  1447	  0.330318	  0.000000
  1448	  0.348525	  0.000000
  1449	  0.374133	  0.000000
  1450	  0.238401	  0.000000
  1451	  0.238401	  0.000000
  1452	  0.338681	  0.000250
  1453	  0.425578	  0.000049
  1454	  0.503119	  0.114731
  1455	  0.519069	  0.002117
  1456	  0.364490	  0.000000
  1457	  0.610849	  0.006223
  1458	  0.378914	  0.000000
  1459	  0.382527	  0.000000
  1460	  0.577108	  0.008139
  1461	  0.148032	  0.000000
  1462	  0.416772	  0.000401
  1463	  0.563897	  0.032067
  1464	  0.322042	  0.000000
  1465	  0.471362	  0.000639
  1466	  0.432414	  0.000415
  1467	  0.490484	  0.000553
  1468	  0.380960	  0.000000
  1469	  0.199014	  0.000000
  1470	  0.447321	  0.000477
  1471	  0.557596	  0.006623
  1472	  0.400148	  0.000291
  1473	  0.538268	  0.001066
  1474	  0.411961	  0.000356
  1475	  0.474456	  0.000768
  1476	  0.583019	  0.014707
  1477	  0.204776	  0.000000
  1478	  0.438433	  0.000075
  1479	  0.306102	  0.000000
  1480	  0.485981	  0.000201
  1481	  0.409262	  0.000196
  1482	  0.391415	  0.000287
  1483	  0.522210	  0.032893
  1484	  0.229390	  0.000000
  1485	  0.491548	  0.000463
  1486	  0.467635	  0.000427
  1487	  0.499741	  0.015577
  1488	  0.464643	  0.000307
  1489	  0.500523	  0.001840
  1490	  0.459411	  0.000000
  1491	  0.459411	  0.000000
  1492	  0.461261	  0.000013
  1493	  0.459411	  0.000000
  1494	  0.459411	  0.000000
  1495	  0.229390	  0.000000
  1496	  0.114257	  0.000000
  1497	  0.459411	  0.000000
  1498	  0.459411	  0.000000
  1499	  0.460233	  0.000000
  1500	  0.459411	  0.000000
  1501	  0.459411	  0.000000
  1502	  0.459411	  0.000000
  1503	  0.459411	  0.000000
  1504	  0.459411	  0.000000
  1505	  0.547017	  0.002261
  1506	  0.143774	  0.000000
  1507	  0.288177	  0.000000
  1508	  0.248708	  0.000000
  1509	  0.480841	  0.000632
  1510	  0.573263	  0.020476
  1511	  0.438001	  0.000520
  1512	  0.629703	  0.027268
  1513	  0.192506	  0.000000
  1514	  0.387853	  0.005147
  1515	  0.342418	  0.000241
  1516	  0.344227	  0.000009
  1517	  0.358913	  0.000156
  1518	  0.524883	  0.001110
  1519	  0.434599	  0.000924
  1520	  0.601658	  0.005055
  1521	  0.311730	  0.000000
  1522	  0.172457	  0.000000
  1523	  0.394432	  0.000337
  1524	  0.441970	  0.000678
  1525	  0.096424	  0.000000
  1526	  0.285854	  0.000000
  1527	  0.269138	  0.000266
  1528	  0.524369	  0.002204
  1529	  0.432727	  0.000473
  1530	  0.073474	  0.000000
  1531	  0.522662	  0.006837
  1532	  0.391970	  0.000132
  1533	  0.346473	  0.000000
  1534	  0.348817	  0.000006
  1535	  0.464166	  0.002863
  1536	  0.280853	  0.000515
  1537	  0.454024	  0.000352
  1538	  0.288815	  0.000000
  1539	  0.429242	  0.000000
  1540	  0.392217	  0.000025
  1541	  0.302694	  0.014189
  1542	  0.473110	  0.004186
  1543	  0.343980	  0.014188
  1544	  0.369199	  0.000000
  1545	  0.369199	  0.000000
  1546	  0.392057	  0.000349
  1547	  0.508064	  0.013793
  1548	  0.155512	  0.000000
  1549	  0.384270	  0.000021
  1550	  0.335705	  0.000003
  1551	  0.283813	  0.000037
  1552	  0.274843	  0.000000
  1553	  0.472272	  0.000677
  1554	  0.456424	  0.000788
  1555	  0.271656	  0.000000
  1556	  0.271656	  0.000000
  1557	  0.434115	  0.000000
  1558	  0.434115	  0.000000
  1559	  0.107933	  0.000000
  1560	  0.450996	  0.000194
  1561	  0.502481	  0.004379
  1562	  0.504311	  0.000512
  1563	  0.448035	  0.000418
  1564	  0.434444	  0.000000
  1565	  0.434115	  0.000000
  1566	  0.434115	  0.000000
  1567	  0.434115	  0.000000
  1568	  0.434115	  0.000000
  1569	  0.434115	  0.000000
  1570	  0.434115	  0.000000
  1571	  0.434115	  0.000000
  1572	  0.434115	  0.000000
  1573	  0.434115	  0.000000
  1574	  0.434115	  0.000000
  1575	  0.434115	  0.000000
  1576	  0.239843	  0.000000
  1577	  0.251553	  0.000003
  1578	  0.374678	  0.000000
  1579	  0.385262	  0.000000
  1580	  0.636890	  0.014329
  1581	  0.434773	  0.000374
  1582	  0.402935	  0.000074
  1583	  0.396016	  0.000066
  1584	  0.346103	  0.000000
  1585	  0.162089	  0.000000
  1586	  0.492272	  0.002921
  1587	  0.159704	  0.000000
  1588	  0.446375	  0.001470
  1589	  0.370355	  0.000178
  1590	  0.397270	  0.000469
  1591	  0.268974	  0.000000
  1592	  0.500867	  0.006852
  1593	  0.384383	  0.000128
  1594	  0.500703	  0.005328
  1595	  0.564494	  0.005932
  1596	  0.544241	  0.000807
  1597	  0.315868	  0.000010
  1598	  0.469501	  0.000086
  1599	  0.424513	  0.000000
  1600	  0.348180	  0.000240
  1601	  0.242478	  0.014188
  1602	  0.329865	  0.000000
  1603	  0.160626	  0.000000
  1604	  0.459549	  0.000572
  1605	  0.367009	  0.000000
  1606	  0.311915	  0.000064
  1607	  0.276437	  0.001974
  1608	  0.342192	  0.000000
  1609	  0.393461	  0.000113
  1610	  0.285962	  0.000000
  1611	  0.291837	  0.000262
  1612	  0.281289	  0.000214
  1613	  0.375120	  0.000712
  1614	  0.238877	  0.000000
  1615	  0.202766	  0.000000
  1616	  0.467938	  0.015863
  1617	  0.281289	  0.000214
  1618	  0.273643	  0.000000
  1619	  0.105463	  0.000000
  1620	  0.211803	  0.000000
  1621	  0.425058	  0.000000
  1622	  0.473686	  0.001296
  1623	  0.348180	  0.000000
  1624	  0.125554	  0.000000
  1625	  0.251738	  0.000000
  1626	  0.395137	  0.001090
  1627	  0.251738	  0.000000
  1628	  0.251738	  0.000000
  1629	  0.251738	  0.000000
  1630	  0.251738	  0.000000
  1631	  0.539872	  0.001553
  1632	  0.326010	  0.000000
  1633	  0.326545	  0.000005
  1634	  0.325547	  0.003312
  1635	  0.344988	  0.000000
  1636	  0.172179	  0.000000
  1637	  0.387159	  0.000000
  1638	  0.335221	  0.000000
  1639	  0.369646	  0.014308
  1640	  0.399393	  0.000000
  1641	  0.399393	  0.000000
  1642	  0.243408	  0.000008
  1643	  0.416762	  0.000157
  1644	  0.421203	  0.000000
  1645	  0.418427	  0.000000
  1646	  0.543367	  0.000000
  1647	  0.418427	  0.000000
  1648	  0.422087	  0.014207
  1649	  0.096857	  0.000000
  1650	  0.147506	  0.000039
  1651	  0.239985	  0.000000
  1652	  0.489743	  0.000000
  1653	  0.290064	  0.000000
  1654	  0.440849	  0.001392
  1655	  0.382538	  0.000000
  1656	  0.407499	  0.000000
  1657	  0.407499	  0.000000
  1658	  0.407499	  0.000000
  1659	  0.407910	  0.000000
  1660	  0.377187	  0.000430
  1661	  0.407499	  0.000000
  1662	  0.407499	  0.000000
  1663	  0.389426	  0.000000
  1664	  0.423269	  0.000413
  1665	  0.451521	  0.000334
  1666	  0.355227	  0.000010
  1667	  0.252817	  0.000000
  1668	  0.281320	  0.000000
  1669	  0.486639	  0.000416
  1670	  0.308903	  0.000000
  1671	  0.294438	  0.000000
  1672	  0.513276	  0.000868
  1673	  0.385617	  0.000175
  1674	  0.408805	  0.002128
  1675	  0.305202	  0.000000
  1676	  0.328832	  0.000000
  1677	  0.164101	  0.000000
  1678	  0.102497	  0.000000
  1679	  0.245744	  0.000000
  1680	  0.412907	  0.000435
  1681	  0.250049	  0.000000
  1682	  0.339724	  0.000000
  1683	  0.339724	  0.000000
  1684	  0.341451	  0.009077
  1685	  0.339724	  0.000000
  1686	  0.339724	  0.000000
  1687	  0.224854	  0.000000
  1688	  0.139608	  0.000000
  1689	  0.382260	  0.000121
  1690	  0.310466	  0.000000
  1691	  0.450801	  0.000028
  1692	  0.354395	  0.000000
  1693	  0.421141	  0.014037
  1694	  0.268063	  0.000000
  1695	  0.342993	  0.000000
  1696	  0.377100	  0.000215
  1697	  0.328266	  0.000000
  1698	  0.253964	  0.000000
  1699	  0.253964	  0.000000
  1700	  0.299913	  0.000000
  1701	  0.343780	  0.000000
  1702	  0.368217	  0.000000
  1703	  0.431345	  0.000190
  1704	  0.438408	  0.004989
  1705	  0.454430	  0.000511
  1706	  0.369841	  0.000097
  1707	  0.367004	  0.000000
  1708	  0.367004	  0.000000
  1709	  0.022358	  0.000000
  1710	  0.407031	  0.000913
  1711	  0.299173	  0.000029
  1712	  0.377557	  0.000432
  1713	  0.037694	  0.014188
  1714	  0.252272	  0.000000
  1715	  0.273908	  0.000048
  1716	  0.327500	  0.000280
  1717	  0.300597	  0.000005
  1718	  0.444380	  0.000707
  1719	  0.273425	  0.000042
  1720	  0.331011	  0.000000
  1721	  0.519423	  0.002041
  1722	  0.272783	  0.000000
  1723	  0.196323	  0.000000
  1724	  0.304755	  0.000000
  1725	  0.338388	  0.000690
  1726	  0.146179	  0.000000
  1727	  0.220408	  0.000155
  1728	  0.277815	  0.000000
  1729	  0.393435	  0.000497
  1730	  0.294572	  0.000000
  1731	  0.254719	  0.000000
  1732	  0.082364	  0.000000
  1733	  0.278082	  0.000000
  1734	  0.327465	  0.000450
  1735	  0.417970	  0.000228
  1736	  0.270053	  0.000000
  1737	  0.285798	  0.001825
  1738	  0.134712	  0.000000
  1739	  0.313966	  0.000113
  1740	  0.337514	  0.000000
  1741	  0.260795	  0.000000
  1742	  0.474117	  0.004059
  1743	  0.411400	  0.000731
  1744	  0.157591	  0.000000
  1745	  0.106733	  0.000000
  1746	  0.384666	  0.000470
  1747	  0.355644	  0.000000
  1748	  0.326678	  0.000000
  1749	  0.308785	  0.000000
  1750	  0.131902	  0.000032
  1751	  0.288337	  0.000000
  1752	  0.288337	  0.000000
  1753	  0.092186	  0.000000
  1754	  0.562684	  0.015179
  1755	  0.281521	  0.000000
  1756	  0.346042	  0.000151
  1757	  0.305680	  0.000000
  1758	  0.375809	  0.000000
  1759	  0.170375	  0.000000
  1760	  0.046970	  0.000000
  1761	  0.381895	  0.000000
  1762	  0.293333	  0.000000
  1763	  0.269981	  0.000000
  1764	  0.378816	  0.000120
  1765	  0.344993	  0.000000
  1766	  0.293683	  0.000000
  1767	  0.311077	  0.000000
  1768	  0.293282	  0.000000
  1769	  0.475922	  0.001562
  1770	  0.345153	  0.000000
  1771	  0.313144	  0.000000
  1772	  0.262620	  0.000000
  1773	  0.180589	  0.000000
  1774	  0.342973	  0.000000
  1775	  0.342973	  0.000000
  1776	  0.229249	  0.000000
  1777	  0.313303	  0.000000
  1778	  0.386367	  0.000000
  1779	  0.386367	  0.000000
  1780	  0.374653	  0.000000
  1781	  0.172169	  0.000000
  1782	  0.219290	  0.000026
  1783	  0.350395	  0.000000
  1784	  0.323204	  0.000000
  1785	  0.372452	  0.000000
  1786	  0.187127	  0.000000
  1787	  0.157229	  0.000000
  1788	  0.279357	  0.000000
  1789	  0.391621	  0.000071
  1790	  0.350724	  0.000409
  1791	  0.324931	  0.000000
  1792	  0.324931	  0.000000
  1793	  0.324931	  0.000000
  1794	  0.162150	  0.000000
  1795	  0.324931	  0.000000
  1796	  0.186220	  0.000000
  1797	  0.404559	  0.000000
  1798	  0.406163	  0.013994
  1799	  0.201965	  0.000000
  1800	  0.487112	  0.000000
  1801	  0.159295	  0.000000
  1802	  0.358461	  0.000000
  1803	  0.292824	  0.000002
  1804	  0.281598	  0.000000
  1805	  0.438433	  0.000180
  1806	  0.124942	  0.000000
  1807	  0.398529	  0.014466
  1808	  0.274489	  0.000000
  1809	  0.350082	  0.000000
  1810	  0.381489	  0.000084
  1811	  0.276807	  0.000000
  1812	  0.330544	  0.000000
  1813	  0.243981	  0.000000
  1814	  0.211222	  0.000000
  1815	  0.222302	  0.000000
  1816	  0.386156	  0.004367
  1817	  0.208120	  0.000770
  1818	  0.279963	  0.000000
  1819	  0.279963	  0.000000
  1820	  0.229486	  0.000000
  1821	  0.259908	  0.000000
  1822	  0.259908	  0.000000
  1823	  0.099407	  0.000000
  1824	  0.324201	  0.000000
  1825	  0.278467	  0.000000
  1826	  0.226964	  0.000000
  1827	  0.323620	  0.002457
  1828	  0.181339	  0.000000
  1829	  0.181339	  0.000000
  1830	  0.181339	  0.000000
  1831	  0.181339	  0.000000
  1832	  0.044739	  0.000000
  1833	  0.280241	  0.000000
  1834	  0.103492	  0.000000
  1835	  0.171878	  0.000000
  1836	  0.340228	  0.000121
  1837	  0.254570	  0.000000
  1838	  0.276740	  0.000010
  1839	  0.275538	  0.000000
  1840	  0.384717	  0.000385
  1841	  0.073704	  0.000000
  1842	  0.372668	  0.000000
  1843	  0.326431	  0.000000
  1844	  0.267768	  0.000000
  1845	  0.221410	  0.015195
  1846	  0.023437	  0.000000
  1847	  0.388757	  0.000000
  1848	  0.388757	  0.000000
  1849	  0.323147	  0.015149
  1850	  0.425773	  0.003345
  1851	  0.023199	  0.000000
  1852	  0.317904	  0.000256
  1853	  0.311962	  0.000009
  1854	  0.254318	  0.000000
  1855	  0.372504	  0.000235
  1856	  0.462356	  0.000159
  1857	  0.152448	  0.000000
  1858	  0.161752	  0.000000
  1859	  0.358625	  0.000000
  1860	  0.185989	  0.014188
  1861	  0.093173	  0.000000
  1862	  0.422174	  0.000000
  1863	  0.153330	  0.000000
  1864	  0.307289	  0.000000
  1865	  0.307289	  0.000000
  1866	  0.019025	  0.000000
  1867	  0.273119	  0.000000
  1868	  0.134470	  0.000000
  1869	  0.425146	  0.000000
  1870	  0.338290	  0.000000
  1871	  0.020283	  0.000000
  1872	  0.284286	  0.000000
  1873	  0.434840	  0.000072
  1874	  0.342993	  0.000000
  1875	  0.138562	  0.000000
  1876	  0.378466	  0.000000
  1877	  0.055127	  0.000000
  1878	  0.367487	  0.000000
  1879	  0.183429	  0.000000
  1880	  0.313786	  0.000000
  1881	  0.233315	  0.000000
  1882	  0.209780	  0.000530
  1883	  0.322448	  0.000000
  1884	  0.000357	  0.000000
  1885	  0.000357	  0.000000
  1886	  0.181210	  0.014188
  1887	  0.090784	  0.000000
  1888	  0.000357	  0.000000
  1889	  0.000357	  0.000000
  1890	  0.261283	  0.000000
  1891	  0.226877	  0.001355
  1892	  0.151525	  0.000000
  1893	  0.121417	  0.000000
  1894	  0.295950	  0.000000
  1895	  0.213890	  0.000000
  1896	  0.343739	  0.000000
  1897	  0.304477	  0.000000
  1898	  0.670055	  0.039887
