点序号	接近中心度	介数中心度
     0	  0.670031	  0.009687
     1	  0.686054	  0.006216
     2	  0.856509	  0.199844
     3	  0.885615	  0.140120
     4	  0.654404	  0.005450
     5	  0.731364	  0.023846
     6	  0.820836	  0.058188
     7	  0.862927	  0.107710
     8	  0.670074	  0.002699
     9	  0.638926	  0.003928
    10	  0.717230	  0.039225
    11	  0.715617	  0.010102
    12	  0.718958	  0.026348
    13	  0.723551	  0.023517
    14	  0.687925	  0.003499
    15	  0.825280	  0.078827
    16	  0.674645	  0.007786
    17	  0.706643	  0.005636
    18	  0.820157	  0.093972
    19	  0.712100	  0.018636
    20	  0.739858	  0.038789
    21	  0.680413	  0.008769
    22	  0.762104	  0.052362
    23	  0.725565	  0.034947
    24	  0.758380	  0.018215
    25	  0.729220	  0.034631
    26	  0.687965	  0.005204
    27	  0.700539	  0.009665
    28	  0.702538	  0.004269
    29	  0.691697	  0.016553
    30	  0.679986	  0.006528
    31	  0.633118	  0.003134
    32	  0.685043	  0.014249
    33	  0.660267	  0.011817
    34	  0.693151	  0.013971
    35	  0.767548	  0.055024
    36	  0.363597	  0.000000
    37	  0.740579	  0.014917
    38	  0.781655	  0.066712
    39	  0.000000	  0.000000
    40	  0.799250	  0.065001
    41	  0.759979	  0.027202
    42	  0.747405	  0.024837
    43	  0.761109	  0.030974
    44	  0.715397	  0.008089
    45	  0.695438	  0.004135
    46	  0.706360	  0.015718
    47	  0.703014	  0.008866
    48	  0.728341	  0.011094
    49	  0.723138	  0.026890
    50	  0.000000	  0.000000
    51	  0.666558	  0.019066
    52	  0.800694	  0.067060
    53	  0.000000	  0.000000
    54	  0.763641	  0.067645
    55	  0.778292	  0.047887
    56	  0.000000	  0.000000
    57	  0.673200	  0.020206
    58	  0.670400	  0.006459
    59	  0.685117	  0.000091
    60	  0.695384	  0.006820
    61	  0.767985	  0.058675
    62	  0.802587	  0.098832
    63	  0.786367	  0.043958
    64	  0.696716	  0.008471
    65	  0.573208	  0.000429
    66	  0.597973	  0.001708
    67	  0.686164	  0.011042
    68	  0.651885	  0.010025
    69	  0.673085	  0.003270
    70	  0.751884	  0.187716
    71	  0.867817	  0.107964
    72	  0.726473	  0.016928
    73	  0.000000	  0.000000
    74	  0.709086	  0.011612
    75	  0.707976	  0.013999
    76	  0.678319	  0.009371
    77	  0.750199	  0.035771
    78	  0.918878	  0.252203
    79	  0.669125	  0.019938
    80	  0.632476	  0.004118
    81	  0.665501	  0.009213
    82	  0.862332	  0.108128
    83	  0.700173	  0.008226
    84	  0.514525	  0.000002
    85	  0.000000	  0.000000
    86	  0.670006	  0.006848
    87	  0.671818	  0.005276
    88	  0.684428	  0.009452
    89	  0.625870	  0.002533
    90	  0.827271	  0.082994
    91	  0.733144	  0.015325
    92	  0.822709	  0.117967
    93	  0.706024	  0.006011
    94	  0.770340	  0.029802
    95	  0.740304	  0.040060
    96	  0.734330	  0.035556
    97	  0.737199	  0.014760
    98	  0.628159	  0.026603
    99	  0.711319	  0.037750
   100	  0.724206	  0.023719
   101	  0.669260	  0.008442
   102	  0.677446	  0.003341
   103	  0.741084	  0.018304
   104	  0.000000	  0.000000
   105	  0.676990	  0.024236
   106	  0.676717	  0.008745
   107	  0.705667	  0.009005
   108	  0.745428	  0.017585
   109	  0.814937	  0.041709
   110	  0.681984	  0.002068
   111	  0.730270	  0.018675
   112	  0.743457	  0.052172
   113	  0.766441	  0.066689
   114	  0.790499	  0.057561
   115	  0.523791	  0.000082
   116	  0.724291	  0.020905
   117	  0.672795	  0.010337
   118	  0.889432	  0.175743
   119	  0.709069	  0.015290
   120	  0.831168	  0.045104
   121	  0.790329	  0.067499
   122	  0.738692	  0.013831
   123	  0.648904	  0.002400
   124	  0.701751	  0.014663
   125	  0.848173	  0.081339
   126	  0.810003	  0.094906
   127	  0.804496	  0.046684
   128	  0.683050	  0.006630
   129	  0.774662	  0.058509
   130	  0.480687	  0.000014
   131	  0.642642	  0.001593
   132	  0.685618	  0.004948
   133	  0.581249	  0.001189
   134	  0.783365	  0.042647
   135	  0.681682	  0.001513
   136	  0.653373	  0.004507
   137	  0.693475	  0.006564
   138	  0.709730	  0.015972
   139	  0.736788	  0.015946
   140	  0.359654	  0.000000
   141	  0.809201	  0.031091
   142	  0.000000	  0.000000
   143	  0.610459	  0.000097
   144	  0.720769	  0.165240
   145	  0.698831	  0.038000
   146	  0.870934	  0.188753
   147	  0.698513	  0.020756
   148	  0.689325	  0.004959
   149	  0.894300	  0.204825
   150	  0.781154	  0.048198
   151	  0.826382	  0.087625
   152	  0.893976	  0.617250
   153	  0.771330	  0.023543
   154	  0.760905	  0.020622
   155	  0.739056	  0.042520
   156	  0.735318	  0.016896
   157	  0.813023	  0.054496
   158	  0.782782	  0.068132
   159	  0.706802	  0.016811
   160	  0.687168	  0.008234
   161	  0.604438	  0.007622
   162	  0.723140	  0.014016
   163	  0.709535	  0.012358
   164	  0.762150	  0.017730
   165	  0.827012	  0.156066
   166	  0.675976	  0.005140
   167	  0.724952	  0.021846
   168	  0.000000	  0.000000
   169	  0.892297	  0.210424
   170	  0.634307	  0.000984
   171	  0.852998	  0.338830
   172	  0.626340	  0.002135
   173	  0.763204	  0.020734
   174	  0.813635	  0.106449
   175	  0.727375	  0.021175
   176	  0.824957	  0.117866
   177	  0.693766	  0.005264
   178	  0.797527	  0.106680
   179	  0.712833	  0.018260
   180	  0.670356	  0.002627
   181	  0.702654	  0.005043
   182	  0.740198	  0.044140
   183	  0.780351	  0.037402
   184	  0.787910	  0.011935
   185	  0.689358	  0.008271
   186	  0.815943	  0.006505
   187	  0.913224	  0.364055
   188	  0.838891	  0.098023
   189	  0.704694	  0.008065
   190	  0.856097	  0.101990
   191	  0.605182	  0.008329
   192	  0.414394	  0.000000
   193	  0.893597	  0.080940
   194	  0.823933	  0.030666
   195	  0.713688	  0.017271
   196	  0.644695	  0.000196
   197	  0.657980	  0.005776
   198	  0.704891	  0.007984
   199	  0.969823	  0.713960
   200	  0.770498	  0.032445
   201	  0.714093	  0.020575
   202	  0.820938	  0.113863
   203	  0.000000	  0.000000
   204	  0.654874	  0.015316
   205	  0.000000	  0.000000
   206	  0.638544	  0.003800
   207	  0.000000	  0.000000
   208	  0.726176	  0.023926
   209	  0.654581	  0.001715
   210	  0.727586	  0.032700
   211	  0.765217	  0.011255
   212	  0.588088	  0.011228
   213	  0.736875	  0.011994
   214	  0.627989	  0.002006
   215	  0.716143	  0.005671
   216	  0.732301	  0.020657
   217	  0.722990	  0.020284
   218	  0.840238	  0.122847
   219	  0.892082	  0.470399
   220	  0.688556	  0.012483
   221	  0.654926	  0.002202
   222	  0.714890	  0.020658
   223	  0.853703	  0.152808
   224	  0.716657	  0.011208
   225	  0.672408	  0.009540
   226	  0.718266	  0.001047
   227	  0.763497	  0.039476
   228	  0.671003	  0.012401
   229	  0.000000	  0.000000
   230	  0.737991	  0.029540
   231	  0.822672	  0.034651
   232	  0.696797	  0.013841
   233	  0.705617	  0.004304
   234	  0.657739	  0.005372
   235	  0.779714	  0.061864
   236	  0.865638	  0.122249
   237	  0.767887	  0.009581
   238	  0.702798	  0.010587
   239	  0.671232	  0.007631
   240	  0.759414	  0.022785
   241	  0.776215	  0.041574
   242	  0.746755	  0.015566
   243	  0.658978	  0.010303
   244	  0.654058	  0.003522
   245	  0.702163	  0.019047
   246	  0.727258	  0.025841
   247	  0.697380	  0.011356
   248	  0.761026	  0.039366
   249	  0.789422	  0.061838
   250	  0.718099	  0.008169
   251	  0.754720	  0.065246
   252	  0.503298	  0.000010
   253	  0.784161	  0.071932
   254	  0.675041	  0.001283
   255	  0.817616	  0.079027
   256	  0.703862	  0.011412
   257	  0.675469	  0.003417
   258	  0.793149	  0.013389
   259	  0.947860	  0.310245
   260	  0.711577	  0.010175
   261	  0.605633	  0.003450
   262	  0.701990	  0.012597
   263	  0.587891	  0.003854
   264	  0.819298	  0.025319
   265	  0.784246	  0.044388
   266	  0.734010	  0.020312
   267	  0.766508	  0.044441
   268	  0.900517	  0.292711
   269	  0.670612	  0.005492
   270	  0.698864	  0.009957
   271	  0.643902	  0.002481
   272	  0.796876	  0.042791
   273	  0.697286	  0.025497
   274	  0.704575	  0.031189
   275	  0.550786	  0.000000
   276	  0.691658	  0.003849
   277	  0.477333	  0.000000
   278	  0.000000	  0.000000
   279	  0.724510	  0.002290
   280	  0.689601	  0.018005
   281	  0.681623	  0.000003
   282	  0.835378	  0.187442
   283	  0.000000	  0.000000
   284	  0.773592	  0.033412
   285	  0.762052	  0.019620
   286	  0.734699	  0.025193
   287	  0.863261	  0.056190
   288	  0.715799	  0.008088
   289	  0.668977	  0.005322
   290	  0.605390	  0.003795
   291	  0.608440	  0.000051
   292	  0.722288	  0.002498
   293	  0.726485	  0.009722
   294	  0.694459	  0.014418
   295	  0.538764	  0.000393
   296	  0.496604	  0.000170
   297	  0.653947	  0.006057
   298	  0.693844	  0.005009
   299	  0.810937	  0.034900
   300	  0.799040	  0.062747
   301	  0.665576	  0.005654
   302	  0.840962	  0.146391
   303	  0.767099	  0.018817
   304	  0.695640	  0.022573
   305	  0.638537	  0.004164
   306	  0.484889	  0.000190
   307	  0.000000	  0.000000
   308	  0.662757	  0.009705
   309	  0.000000	  0.000000
   310	  0.939846	  0.603474
   311	  0.874941	  0.186449
   312	  0.782900	  0.038028
   313	  0.974780	  0.596530
   314	  0.704256	  0.012820
   315	  0.805810	  0.017243
   316	  0.689848	  0.030160
   317	  0.718153	  0.014264
   318	  0.768213	  0.065059
   319	  0.702705	  0.017030
   320	  0.721413	  0.009158
   321	  0.675789	  0.002962
   322	  0.639898	  0.001749
   323	  0.846689	  0.111399
   324	  0.736591	  0.045032
   325	  0.807176	  0.084093
   326	  0.749304	  0.021470
   327	  0.000000	  0.000000
   328	  0.211639	  0.000000
   329	  0.784247	  0.045091
   330	  0.642491	  0.002858
   331	  0.685228	  0.023006
   332	  0.000000	  0.000000
   333	  0.597276	  0.002268
   334	  0.815247	  0.071584
   335	  0.798086	  0.072785
   336	  0.812943	  0.061007
   337	  0.825809	  0.029975
   338	  0.804677	  0.084696
   339	  0.630565	  0.011971
   340	  0.514362	  0.001505
   341	  0.875365	  0.064909
   342	  0.906594	  0.141870
   343	  0.903462	  0.337255
   344	  0.708036	  0.017491
   345	  0.838229	  0.059996
   346	  0.623493	  0.000102
   347	  0.497298	  0.000000
   348	  0.599798	  0.002351
   349	  0.827731	  0.073924
   350	  0.893858	  0.056584
   351	  0.714536	  0.020130
   352	  0.894695	  0.175823
   353	  0.784767	  0.049518
   354	  0.645677	  0.005331
   355	  0.799042	  0.023804
   356	  0.695260	  0.004431
   357	  0.419021	  0.000000
   358	  0.728021	  0.008142
   359	  0.838891	  0.084293
   360	  0.902323	  0.180702
   361	  0.770902	  0.034748
   362	  0.759419	  0.034413
   363	  0.704740	  0.017706
   364	  0.710251	  0.019707
   365	  0.711934	  0.052947
   366	  0.691487	  0.004165
   367	  0.438192	  0.000000
   368	  0.682513	  0.016863
   369	  0.734572	  0.025686
   370	  0.815965	  0.020659
   371	  0.000000	  0.000000
   372	  0.600713	  0.009376
   373	  0.663628	  0.000078
   374	  0.797975	  0.040918
   375	  0.684341	  0.027251
   376	  0.651067	  0.000202
   377	  0.471822	  0.002535
   378	  0.909785	  0.468072
   379	  0.767894	  0.045756
   380	  0.439242	  0.000309
   381	  0.775263	  0.035645
   382	  0.712599	  0.011173
   383	  0.746032	  0.026425
   384	  0.802196	  0.049675
   385	  0.847766	  0.143997
   386	  0.000000	  0.000000
   387	  0.793455	  0.037995
   388	  0.752652	  0.020330
   389	  0.817949	  0.086376
   390	  0.771072	  0.016333
   391	  0.841178	  0.071241
   392	  0.744076	  0.024688
   393	  0.624984	  0.007296
   394	  0.701411	  0.011976
   395	  0.784951	  0.031621
   396	  0.711295	  0.051316
   397	  0.481855	  0.000018
   398	  0.356376	  0.000000
   399	  0.664694	  0.006320
   400	  0.805174	  0.067888
   401	  0.668475	  0.006610
   402	  0.586381	  0.024636
   403	  0.982344	  0.182535
   404	  0.759985	  0.059361
   405	  0.878104	  0.112963
   406	  0.683482	  0.004907
   407	  0.000000	  0.000000
   408	  0.715290	  0.011065
   409	  0.000000	  0.000000
   410	  0.562565	  0.000014
   411	  0.686735	  0.006764
   412	  0.771221	  0.058435
   413	  0.731322	  0.025089
   414	  0.383429	  0.000000
   415	  0.624365	  0.014057
   416	  0.752509	  0.018969
   417	  0.837855	  0.084589
   418	  0.634426	  0.000010
   419	  0.628895	  0.000070
   420	  0.701732	  0.009517
   421	  0.717309	  0.036116
   422	  0.661245	  0.031647
   423	  0.941651	  0.154322
   424	  0.855714	  0.117534
   425	  0.799604	  0.029849
   426	  0.523555	  0.000369
   427	  0.000000	  0.000000
   428	  0.872043	  0.052081
   429	  0.505276	  0.001797
   430	  0.823207	  0.133578
   431	  0.740904	  0.014165
   432	  0.000000	  0.000000
   433	  0.000000	  0.000000
   434	  0.833586	  0.046897
   435	  0.000000	  0.000000
   436	  0.823017	  0.056116
   437	  0.444956	  0.000000
   438	  0.891563	  0.152411
   439	  0.678764	  0.020823
   440	  0.728241	  0.027715
   441	  0.730844	  0.022942
   442	  0.743321	  0.009063
   443	  0.700875	  0.024767
   444	  0.759187	  0.030919
   445	  0.815629	  0.096681
   446	  0.711710	  0.023657
   447	  0.708326	  0.003139
   448	  0.784919	  0.033292
   449	  0.913426	  0.156980
   450	  0.000000	  0.000000
   451	  0.836400	  0.000030
   452	  0.723605	  0.068504
   453	  0.000000	  0.000000
   454	  0.572550	  0.005395
   455	  0.778311	  0.057545
   456	  0.713763	  0.009212
   457	  0.823059	  0.315743
   458	  0.737672	  0.015756
   459	  0.000000	  0.000000
   460	  0.750433	  0.038353
   461	  0.629940	  0.010678
   462	  0.825522	  0.053537
   463	  0.634426	  0.000010
   464	  0.000000	  0.000000
   465	  0.682284	  0.106702
   466	  0.612837	  0.000014
   467	  0.808027	  0.175634
   468	  0.740316	  0.008409
   469	  0.000000	  0.000000
   470	  0.000000	  0.000000
   471	  0.606981	  0.000000
   472	  0.711564	  0.023086
   473	  0.000000	  0.000000
   474	  0.606981	  0.000000
   475	  0.688657	  0.018864
   476	  0.853426	  0.178246
   477	  0.695451	  0.011053
   478	  0.800116	  0.024752
   479	  0.679120	  0.000030
   480	  0.771901	  0.041515
   481	  0.823901	  0.045622
   482	  0.736459	  0.030621
   483	  0.813632	  0.079426
   484	  0.645079	  0.003323
   485	  0.606981	  0.000000
   486	  0.686913	  0.016895
   487	  0.814316	  0.050651
   488	  0.609186	  0.000114
   489	  0.486573	  0.000147
   490	  0.730116	  0.003249
   491	  0.000000	  0.000000
   492	  0.000000	  0.000000
   493	  0.775489	  0.043342
   494	  0.479065	  0.000000
   495	  0.666292	  0.013076
   496	  0.813480	  0.046959
   497	  0.601787	  0.003599
   498	  0.000000	  0.000000
   499	  0.000000	  0.000000
   500	  0.000000	  0.000000
   501	  0.000000	  0.000000
   502	  0.809544	  0.062385
   503	  0.277711	  0.000000
   504	  0.616184	  0.001097
   505	  0.759572	  0.043516
   506	  0.000000	  0.000000
   507	  0.605058	  0.000051
   508	  0.257376	  0.000000
   509	  0.000000	  0.000000
   510	  0.376174	  0.000000
   511	  0.415100	  0.000000
   512	  0.628895	  0.000070
   513	  0.745016	  0.027262
   514	  0.393744	  0.000000
   515	  0.766432	  0.023592
   516	  0.514605	  0.000200
   517	  0.681623	  0.000003
   518	  0.836471	  0.018611
   519	  0.000000	  0.000000
   520	  0.000000	  0.000000
   521	  0.598690	  0.000217
   522	  0.708621	  0.007404
   523	  0.183898	  0.000000
   524	  0.000000	  0.000000
   525	  0.000000	  0.000000
   526	  0.000000	  0.000000
   527	  0.000000	  0.000000
   528	  0.718216	  0.009157
   529	  0.419021	  0.000000
   530	  0.000000	  0.000000
   531	  0.877836	  0.232372
   532	  0.000000	  0.000000
   533	  0.774948	  0.027184
   534	  0.000000	  0.000000
   535	  0.000000	  0.000000
   536	  0.613930	  0.000014
   537	  0.681623	  0.000003
   538	  0.000000	  0.000000
   539	  0.000000	  0.000000
   540	  0.000000	  0.000000
   541	  0.000000	  0.000000
   542	  0.000000	  0.000000
   543	  0.834856	  0.048184
   544	  0.000000	  0.000000
   545	  0.000000	  0.000000
   546	  0.000000	  0.000000
   547	  0.000000	  0.000000
   548	  0.000000	  0.000000
   549	  0.000000	  0.000000
   550	  0.000000	  0.000000
   551	  0.000000	  0.000000
   552	  0.000000	  0.000000
   553	  0.000000	  0.000000
   554	  0.000000	  0.000000
   555	  0.919794	  0.353722
   556	  0.853148	  0.033534
   557	  0.783226	  0.064109
   558	  0.000000	  0.000000
   559	  0.000000	  0.000000
   560	  0.000000	  0.000000
   561	  0.000000	  0.000000
   562	  0.000000	  0.000000
   563	  0.000000	  0.000000
   564	  0.765182	  0.032473
   565	  0.752647	  0.050093
   566	  0.592692	  0.002904
   567	  0.663335	  0.004614
   568	  0.704065	  0.018333
   569	  0.743184	  0.084717
   570	  0.694896	  0.005378
   571	  0.761221	  0.027455
   572	  0.646062	  0.001423
   573	  0.694637	  0.003008
   574	  0.778954	  0.043569
   575	  0.728495	  0.017640
   576	  0.776751	  0.044890
   577	  0.765477	  0.035672
   578	  0.732213	  0.020898
   579	  0.736066	  0.033952
   580	  0.883155	  0.252336
   581	  0.688226	  0.005055
   582	  0.795619	  0.049213
   583	  0.760812	  0.027231
   584	  0.830976	  0.040058
   585	  0.699108	  0.015288
   586	  0.694770	  0.035740
   587	  0.701461	  0.031493
   588	  0.712466	  0.003501
   589	  0.753719	  0.042594
   590	  0.684996	  0.019499
   591	  0.645787	  0.000617
   592	  0.734404	  0.024938
   593	  0.640300	  0.003969
   594	  0.663601	  0.007174
   595	  0.721600	  0.041104
   596	  0.704683	  0.022144
   597	  0.618579	  0.001368
   598	  0.735263	  0.016538
   599	  0.786192	  0.001173
   600	  0.739013	  0.017004
   601	  0.705360	  0.011054
   602	  0.622607	  0.002573
   603	  0.697865	  0.015134
   604	  0.644631	  0.001633
   605	  0.707382	  0.022828
   606	  0.705934	  0.009663
   607	  0.688359	  0.014434
   608	  0.381887	  0.000000
   609	  0.715846	  0.013102
   610	  0.608342	  0.002538
   611	  0.717976	  0.032514
   612	  0.756643	  0.039105
   613	  0.642216	  0.002886
   614	  0.741142	  0.020581
   615	  0.702250	  0.013550
   616	  0.671087	  0.011446
   617	  0.780309	  0.064020
   618	  0.680580	  0.006486
   619	  0.716889	  0.038962
   620	  0.714611	  0.014761
   621	  0.665580	  0.015464
   622	  0.699929	  0.013367
   623	  0.638236	  0.005574
   624	  0.656846	  0.001883
   625	  0.679029	  0.007898
   626	  0.596481	  0.019643
   627	  0.730714	  0.077406
   628	  0.667538	  0.006162
   629	  0.980668	  0.734850
   630	  0.597614	  0.002674
   631	  0.600723	  0.002188
   632	  0.780911	  0.043651
   633	  0.652748	  0.001553
   634	  0.764333	  0.031984
   635	  0.219535	  0.000000
   636	  0.765627	  0.033595
   637	  0.662453	  0.001146
   638	  0.811444	  0.053793
   639	  0.635115	  0.003338
   640	  0.778145	  0.073711
   641	  0.653697	  0.001154
   642	  0.679718	  0.009330
   643	  0.549737	  0.000196
   644	  0.731883	  0.010713
   645	  0.730385	  0.036832
   646	  1.000000	  1.000000
   647	  0.632744	  0.003461
   648	  0.732746	  0.021738
   649	  0.696001	  0.007029
   650	  0.745338	  0.045137
   651	  0.739139	  0.021847
   652	  0.677696	  0.008407
   653	  0.643199	  0.002050
   654	  0.683922	  0.003291
   655	  0.746048	  0.037260
   656	  0.691726	  0.005234
   657	  0.663686	  0.007022
   658	  0.745974	  0.018277
   659	  0.668480	  0.015199
   660	  0.717219	  0.001507
   661	  0.792018	  0.061533
   662	  0.678284	  0.011088
   663	  0.698581	  0.011353
   664	  0.717193	  0.005344
   665	  0.731013	  0.059673
   666	  0.778351	  0.047207
   667	  0.731977	  0.009160
   668	  0.816357	  0.102611
   669	  0.664343	  0.002136
   670	  0.817050	  0.049418
   671	  0.642713	  0.002609
   672	  0.763000	  0.024181
   673	  0.815343	  0.069155
   674	  0.765222	  0.047976
   675	  0.645936	  0.004484
   676	  0.780579	  0.032345
   677	  0.706913	  0.008393
   678	  0.688928	  0.003223
   679	  0.881203	  0.171846
   680	  0.690068	  0.019867
   681	  0.780340	  0.044127
   682	  0.679527	  0.007778
   683	  0.815145	  0.091529
   684	  0.782335	  0.050544
   685	  0.785861	  0.006837
   686	  0.667707	  0.005485
   687	  0.675206	  0.012318
   688	  0.770592	  0.028823
   689	  0.604870	  0.021678
   690	  0.668820	  0.010625
   691	  0.644265	  0.002634
   692	  0.675598	  0.009400
   693	  0.685359	  0.005562
   694	  0.724295	  0.018960
   695	  0.661400	  0.003226
   696	  0.727794	  0.018819
   697	  0.803881	  0.054130
   698	  0.767286	  0.041295
   699	  0.742435	  0.011915
   700	  0.699099	  0.008632
   701	  0.913750	  0.268883
   702	  0.698730	  0.011112
   703	  0.737724	  0.021037
   704	  0.693325	  0.012921
   705	  0.743532	  0.038013
   706	  0.721382	  0.018536
   707	  0.678461	  0.009368
   708	  0.767417	  0.047076
   709	  0.795049	  0.071124
   710	  0.628528	  0.001765
   711	  0.795907	  0.123569
   712	  0.626464	  0.001366
   713	  0.679497	  0.003253
   714	  0.685065	  0.010699
   715	  0.493422	  0.000014
   716	  0.748979	  0.030296
   717	  0.687935	  0.015680
   718	  0.648299	  0.003466
   719	  0.724937	  0.025305
   720	  0.715235	  0.006249
   721	  0.716614	  0.007125
   722	  0.826421	  0.051723
   723	  0.680818	  0.005287
   724	  0.686176	  0.008829
   725	  0.654391	  0.006667
   726	  0.000000	  0.000000
   727	  0.000000	  0.000000
   728	  0.650344	  0.010586
   729	  0.719826	  0.021982
   730	  0.609232	  0.001604
   731	  0.833505	  0.191771
   732	  0.796623	  0.027517
   733	  0.760164	  0.027764
   734	  0.695468	  0.014524
   735	  0.656048	  0.013377
   736	  0.686915	  0.008734
   737	  0.754759	  0.028529
   738	  0.767159	  0.055661
   739	  0.729633	  0.023373
   740	  0.694947	  0.012801
   741	  0.543102	  0.000000
   742	  0.762182	  0.028014
   743	  0.774396	  0.067214
   744	  0.676405	  0.009484
   745	  0.710301	  0.007521
   746	  0.765980	  0.043149
   747	  0.716812	  0.011225
   748	  0.745934	  0.028369
   749	  0.730203	  0.022684
   750	  0.757503	  0.044230
   751	  0.000000	  0.000000
   752	  0.729237	  0.007310
   753	  0.779568	  0.051875
   754	  0.616822	  0.002185
   755	  0.740321	  0.022738
   756	  0.662293	  0.002197
   757	  0.704549	  0.019116
   758	  0.645015	  0.002015
   759	  0.284894	  0.000000
   760	  0.691902	  0.019857
   761	  0.736867	  0.023488
   762	  0.724127	  0.005582
   763	  0.750362	  0.029768
   764	  0.661043	  0.005529
   765	  0.471650	  0.000515
   766	  0.760542	  0.038228
   767	  0.758647	  0.007230
   768	  0.649674	  0.003442
   769	  0.799125	  0.072681
   770	  0.639202	  0.003180
   771	  0.668488	  0.006739
   772	  0.832265	  0.086311
   773	  0.729360	  0.013940
   774	  0.658550	  0.006028
   775	  0.744327	  0.019481
   776	  0.744895	  0.035555
   777	  0.000000	  0.000000
   778	  0.671014	  0.015138
   779	  0.684446	  0.004194
   780	  0.687152	  0.009858
   781	  0.723030	  0.022433
   782	  0.711055	  0.019774
   783	  0.703484	  0.013639
   784	  0.695361	  0.003485
   785	  0.702212	  0.010597
   786	  0.587952	  0.000113
   787	  0.727786	  0.027612
   788	  0.679845	  0.010640
   789	  0.604013	  0.001127
   790	  0.622541	  0.002071
   791	  0.736658	  0.027717
   792	  0.760892	  0.060520
   793	  0.905911	  0.242740
   794	  0.708379	  0.089490
   795	  0.748982	  0.101001
   796	  0.773820	  0.055682
   797	  0.717329	  0.038964
   798	  0.897716	  0.327315
   799	  0.700681	  0.019986
   800	  0.733609	  0.024751
   801	  0.698777	  0.043666
   802	  0.775616	  0.042669
   803	  0.751098	  0.048505
   804	  0.695099	  0.019237
   805	  0.658101	  0.003037
   806	  0.718247	  0.010410
   807	  0.813168	  0.147961
   808	  0.715695	  0.018735
   809	  0.729016	  0.017376
   810	  0.767192	  0.053436
   811	  0.724518	  0.016968
   812	  0.681466	  0.016078
   813	  0.666513	  0.004119
   814	  0.719742	  0.018746
   815	  0.676344	  0.007104
   816	  0.695616	  0.004075
   817	  0.595654	  0.004896
   818	  0.763978	  0.032023
   819	  0.769694	  0.038571
   820	  0.719803	  0.007116
   821	  0.722163	  0.013971
   822	  0.709445	  0.034895
   823	  0.731823	  0.018510
   824	  0.672414	  0.005327
   825	  0.000000	  0.000000
   826	  0.649389	  0.002192
   827	  0.696533	  0.013628
   828	  0.705705	  0.019203
   829	  0.662516	  0.008951
   830	  0.671761	  0.015043
   831	  0.794754	  0.053033
   832	  0.682648	  0.013517
   833	  0.605199	  0.004666
   834	  0.849517	  0.114801
   835	  0.305091	  0.000000
   836	  0.732610	  0.018624
   837	  0.667032	  0.000881
   838	  0.726570	  0.024236
   839	  0.824983	  0.094041
   840	  0.721918	  0.035782
   841	  0.799451	  0.016390
   842	  0.842855	  0.069254
   843	  0.738712	  0.016149
   844	  0.629168	  0.014610
   845	  0.703751	  0.009656
   846	  0.769451	  0.030815
   847	  0.838261	  0.040833
   848	  0.686527	  0.011617
   849	  0.727542	  0.028111
   850	  0.722957	  0.031483
   851	  0.817603	  0.064482
   852	  0.569811	  0.000651
   853	  0.740661	  0.039556
   854	  0.689858	  0.007235
   855	  0.641150	  0.023396
   856	  0.000000	  0.000000
   857	  0.647176	  0.004321
   858	  0.765564	  0.050452
   859	  0.715859	  0.009652
   860	  0.753045	  0.037013
   861	  0.770321	  0.023330
   862	  0.729104	  0.022441
   863	  0.831095	  0.028457
   864	  0.798409	  0.052313
   865	  0.763145	  0.031736
   866	  0.702946	  0.009315
   867	  0.853115	  0.086445
   868	  0.629332	  0.003858
   869	  0.863887	  0.088377
   870	  0.752197	  0.030396
   871	  0.720175	  0.013764
   872	  0.780653	  0.050083
   873	  0.702064	  0.009663
   874	  0.694252	  0.040213
   875	  0.784108	  0.064432
   876	  0.807905	  0.060585
   877	  0.000000	  0.000000
   878	  0.740950	  0.032986
   879	  0.636297	  0.002527
   880	  0.649228	  0.005327
   881	  0.656991	  0.017719
   882	  0.699871	  0.013779
   883	  0.794371	  0.051554
   884	  0.747666	  0.012959
   885	  0.718502	  0.008249
   886	  0.741396	  0.046690
   887	  0.820475	  0.088007
   888	  0.759385	  0.036982
   889	  0.721888	  0.023123
   890	  0.666884	  0.004571
   891	  0.742061	  0.085053
   892	  0.716677	  0.011609
   893	  0.838945	  0.161786
   894	  0.641738	  0.001451
   895	  0.612770	  0.007495
   896	  0.719349	  0.032155
   897	  0.714180	  0.041227
   898	  0.736136	  0.028989
   899	  0.673874	  0.005245
   900	  0.657981	  0.003572
   901	  0.773509	  0.033766
   902	  0.758069	  0.048378
   903	  0.742744	  0.020084
   904	  0.679935	  0.004587
   905	  0.692403	  0.011616
   906	  0.655677	  0.000534
   907	  0.699137	  0.022007
   908	  0.666640	  0.034309
   909	  0.609583	  0.002103
   910	  0.645288	  0.005570
   911	  0.791777	  0.052416
   912	  0.235682	  0.000000
   913	  0.730896	  0.017260
   914	  0.715028	  0.019608
   915	  0.745527	  0.041155
   916	  0.671481	  0.002746
   917	  0.772901	  0.060487
   918	  0.685265	  0.009919
   919	  0.669157	  0.003011
   920	  0.769228	  0.028459
   921	  0.714541	  0.029876
   922	  0.727826	  0.021075
   923	  0.658246	  0.010665
   924	  0.708029	  0.021810
   925	  0.666656	  0.012643
   926	  0.889137	  0.141764
   927	  0.699672	  0.044840
   928	  0.795162	  0.064552
   929	  0.710924	  0.017042
   930	  0.716977	  0.036945
   931	  0.839326	  0.023064
   932	  0.709794	  0.021559
   933	  0.722156	  0.007233
   934	  0.831533	  0.048288
   935	  0.941268	  0.188134
   936	  0.654979	  0.002044
   937	  0.786760	  0.024920
   938	  0.618899	  0.001323
   939	  0.665634	  0.014714
   940	  0.719624	  0.011684
   941	  0.744910	  0.040150
   942	  0.648025	  0.008561
   943	  0.728249	  0.033391
   944	  0.667953	  0.003661
   945	  0.829739	  0.022902
   946	  0.781316	  0.104964
   947	  0.765240	  0.041405
   948	  0.672757	  0.011713
   949	  0.712552	  0.019617
   950	  0.671424	  0.004694
   951	  0.839400	  0.179270
   952	  0.733764	  0.051527
   953	  0.741748	  0.028264
   954	  0.707425	  0.022684
   955	  0.561497	  0.000522
   956	  0.922689	  0.196965
   957	  0.683814	  0.011017
   958	  0.747795	  0.010853
   959	  0.648457	  0.013297
   960	  0.598980	  0.001103
   961	  0.645352	  0.028737
   962	  0.708100	  0.014754
   963	  0.868921	  0.133965
   964	  0.678858	  0.007573
   965	  0.745711	  0.056288
   966	  0.670532	  0.004601
   967	  0.767904	  0.045234
   968	  0.816586	  0.039837
   969	  0.746962	  0.048681
   970	  0.705281	  0.014536
